/*--------------------------------*- C++ -*----------------------------------*\
  =========                 |
  \\      /  F ield         | OpenFOAM: The Open Source CFD Toolbox
   \\    /   O peration     | Website:  https://openfoam.org
    \\  /    A nd           | Version:  11
     \\/     M anipulation  |
\*---------------------------------------------------------------------------*/
FoamFile
{
    format      ascii;
    class       volScalarField::Internal;
    location    "100";
    object      tmp<kEpsilon:G>;
}
// * * * * * * * * * * * * * * * * * * * * * * * * * * * * * * * * * * * * * //

dimensions      [0 2 -3 0 0 0 0];

value           nonuniform List<scalar> 
12225
(
0
0
0
0
0
0
0
0
0
0
0
0
0
0
0
0
0
0
947.141
499.212
262.494
277.652
380.029
495.5
605.259
716.49
803.084
890.981
951.718
1013.3
1052.81
1093.95
1124.93
1151.55
1217.79
1190.49
86.0752
123.047
55.4803
17.201
5.16932
4.38195
8.7832
16.6729
26.6009
38.3997
50.9312
64.1695
77.7617
90.7367
105.12
116.577
134.801
139.141
5.16787
1.72386
0.642622
0.703818
0.467339
0.186597
0.028345
0.191864
0.796913
1.8964
3.47849
5.48965
7.9784
10.6846
14.0633
17.3607
21.9628
25.512
0.22922
0.132241
0.146864
0.311073
0.421427
0.399934
0.281908
0.145727
0.0500645
0.0209347
0.0768726
0.228657
0.493611
0.86382
1.40111
2.04233
2.92335
3.745
0.178498
0.187238
0.262598
0.315946
0.316795
0.309715
0.280208
0.2274
0.168868
0.112025
0.0640785
0.0306022
0.0185833
0.0348053
0.0905537
0.192196
0.348558
0.537085
0.127574
0.209354
0.228144
0.208871
0.206695
0.222944
0.228532
0.214716
0.192156
0.164693
0.134916
0.104099
0.0762569
0.0553795
0.0474138
0.0621182
0.10598
0.184213
0.0980578
0.14736
0.157354
0.153659
0.162596
0.181024
0.190979
0.187914
0.179066
0.167063
0.152536
0.135607
0.118726
0.104711
0.0984715
0.107744
0.140412
0.199093
0.0746211
0.103825
0.120332
0.127481
0.137654
0.151665
0.160648
0.161545
0.158512
0.153722
0.147389
0.13981
0.132532
0.128119
0.130427
0.144935
0.177625
0.227056
0.0566463
0.0772108
0.096021
0.106497
0.115919
0.127319
0.135903
0.139033
0.139029
0.13786
0.13601
0.133851
0.132766
0.134755
0.1428
0.16006
0.190428
0.229741
0.0428842
0.0583438
0.0762839
0.0880392
0.0975048
0.107687
0.115974
0.120334
0.122107
0.122997
0.123714
0.124734
0.127186
0.132588
0.142962
0.159902
0.185418
0.214952
0.0329319
0.0452603
0.061687
0.074055
0.0836972
0.0931159
0.101035
0.10601
0.108848
0.110953
0.113116
0.115837
0.119999
0.126702
0.137219
0.152219
0.172635
0.194359
0.0250172
0.0349883
0.0498035
0.0623981
0.0722397
0.081205
0.0888722
0.0942813
0.097902
0.100845
0.103884
0.107515
0.112389
0.119233
0.12878
0.141192
0.156834
0.172363
0.0180047
0.0260042
0.0390121
0.0512767
0.0612131
0.0699063
0.0773944
0.0831452
0.087417
0.0910155
0.0946194
0.098691
0.103665
0.109958
0.117897
0.127369
0.138486
0.148699
0.0120279
0.0185229
0.029816
0.0413833
0.051201
0.0596672
0.0669901
0.0729359
0.0776525
0.0816741
0.0855348
0.0896131
0.0941946
0.0994707
0.105518
0.11213
0.119356
0.125408
0.00718558
0.0125491
0.0223064
0.0329755
0.0424717
0.050693
0.0578168
0.063774
0.0686587
0.0728117
0.0766003
0.0803028
0.0841182
0.0881297
0.0923074
0.0964537
0.100629
0.103735
0.00356623
0.00811894
0.0166208
0.026375
0.0354126
0.0433276
0.0501856
0.0559664
0.0607367
0.0647206
0.0681518
0.0712211
0.0740803
0.0767984
0.0793402
0.0815689
0.0835326
0.0847123
0.00128973
0.00532679
0.01294
0.0219328
0.0304572
0.0379619
0.0444249
0.0498251
0.0542056
0.0577315
0.0605711
0.0628591
0.0647251
0.0662639
0.06748
0.0683179
0.0687696
0.0687882
0.000662347
0.00451797
0.0117824
0.0204298
0.0285937
0.0356809
0.0416695
0.0465365
0.0503107
0.0531416
0.055202
0.0566234
0.0575365
0.0580549
0.0582248
0.0580649
0.0574916
0.0568695
0.00196904
0.00609131
0.0138163
0.0227658
0.0308335
0.0375879
0.043161
0.0475213
0.0506643
0.0527641
0.0540523
0.0546966
0.0548437
0.0546117
0.0540606
0.053248
0.0520431
0.0510477
0.00461902
0.00941733
0.0182774
0.0278877
0.0358321
0.0421717
0.0473336
0.0512274
0.0537797
0.0552362
0.0558913
0.0559491
0.0555413
0.0547916
0.053754
0.0525294
0.0509498
0.0497532
0.00859159
0.0148528
0.0254157
0.0356191
0.0434174
0.0494554
0.0541922
0.0573878
0.0590904
0.0597818
0.0598359
0.0594066
0.0585705
0.0574296
0.056044
0.0545323
0.0527098
0.0513824
0.0138544
0.023896
0.0363642
0.0448584
0.0515718
0.0581709
0.0635295
0.0663158
0.0669579
0.0666146
0.0658614
0.0647672
0.0633504
0.0616977
0.0598664
0.0579807
0.0558387
0.0542178
0.0213177
0.0421869
0.0595606
0.0610564
0.060551
0.0648307
0.0709811
0.0749498
0.0762495
0.0762068
0.0753575
0.0737252
0.0713834
0.06858
0.0654477
0.0622165
0.0586768
0.0557184
0.0430415
0.0753875
0.0940755
0.105677
0.0983672
0.0915158
0.0890564
0.0878348
0.0863256
0.0844312
0.0813831
0.0767635
0.0707364
0.0639432
0.0567992
0.0498696
0.0431813
0.0376277
0.0799175
0.213213
0.0681922
0.0796613
0.168965
0.216699
0.216032
0.191066
0.159765
0.128966
0.0996507
0.0731305
0.0510886
0.0352721
0.0267742
0.0264208
0.034242
0.0502245
0.667754
0.127119
0.31531
0.504771
0.372424
0.294926
0.228954
0.141158
0.0602
0.0115419
0.0108561
0.0689487
0.190623
0.377277
0.623951
0.928704
1.27765
1.66818
32.2321
70.906
43.2341
18.2653
7.06986
2.67377
1.11649
1.01117
1.82083
3.29071
5.26522
7.64399
10.2863
13.1703
16.1448
19.2426
22.2629
25.3093
455.616
257.632
100.992
70.5527
91.62
128.042
167.923
205.947
241.076
273.802
302.917
329.575
352.886
374.286
392.829
410.307
425.707
440.791
0
0
0
0
0
0
0
0
0
0
0
0
0
0
0
0
0
0
0
0
0
0
0
0
0
0
0
0
0
0
0
0
0
0
0
0
0
0
0
5.02729
6.50299
8.10465
9.96697
12.0723
14.454
17.1124
20.0523
23.2606
26.7297
30.4363
34.3663
38.4904
42.792
47.2402
51.8204
56.5038
61.2798
66.1232
71.0285
75.9747
80.9611
85.9706
91.0055
96.0515
101.113
106.178
111.252
116.325
121.403
126.477
131.554
136.624
141.694
146.757
151.816
156.866
161.91
166.944
171.97
176.986
181.992
186.989
191.975
196.954
201.921
206.884
211.838
216.792
221.742
226.704
231.669
236.662
241.67
246.722
251.803
256.944
262.125
267.377
272.661
277.989
283.275
288.462
292.813
299.553
306.178
311.644
317.688
323.307
329.149
334.677
342.754
348.243
357.232
364.159
371.603
379.181
385.787
392.187
398.471
403.813
408.124
410.029
414.451
421.786
422.941
425.73
431.33
430.361
434.476
431.591
433.616
429.361
428.928
423.654
420.601
413.308
406.983
400.71
391.056
381.018
369.604
357.122
343.608
329.143
313.793
297.647
280.781
263.321
245.378
227.085
208.569
189.964
171.358
152.9
134.721
116.935
99.65
82.9599
66.941
51.7014
37.342
24.0784
12.6667
9.05582
17.6817
28.3812
38.8647
48.7677
58.0031
66.5532
74.4324
81.6332
88.1829
94.1574
99.5886
104.477
108.863
112.792
116.313
119.47
122.29
124.8
127.032
129.016
130.774
132.328
133.698
134.898
135.939
136.821
137.552
138.069
138.453
138.322
138.204
136.192
134.48
121.522
0
0.151362
0.0890566
0.012773
0.0194515
0.160412
0.440486
0.860782
1.40682
2.05755
2.81908
3.62882
4.35691
4.84984
5.29956
5.96618
7.63898
8.995
10.1105
11.2968
12.7767
14.3659
15.5853
16.5872
17.4023
17.9028
18.1314
18.1131
17.869
17.4192
16.7921
16.0228
15.1492
14.208
13.2333
12.2545
11.2965
10.3786
9.51477
8.71381
7.98101
7.31759
6.72303
6.19463
5.72957
5.32342
4.97217
4.67103
4.41613
4.20321
4.02898
3.88975
3.78274
3.70487
3.65406
3.6278
3.62437
3.64169
3.67863
3.73358
3.80556
3.89322
3.99591
4.11264
4.24294
4.38608
4.54173
4.70946
4.8892
5.08082
5.2843
5.49976
5.72735
5.96791
6.22223
6.49129
6.77544
7.07557
7.39293
7.73003
8.08814
8.46975
8.87726
9.32131
9.80985
10.2747
10.7264
11.3172
11.9382
12.5855
13.2876
14.0478
14.8864
15.7468
16.7298
17.7261
18.9011
20.1198
21.4768
22.9437
24.4858
26.1382
27.8575
29.5871
31.2431
32.7717
34.2289
35.9337
37.2939
38.9867
40.9682
43.0242
45.3825
47.9983
50.7089
53.2768
56.5847
59.787
63.2459
67.0492
70.8674
74.9301
79.2266
83.5317
87.8775
92.1969
96.4487
100.585
104.54
108.256
111.686
114.778
117.495
119.806
121.7
123.148
124.15
124.71
124.852
124.629
124.158
123.407
122.107
120.277
117.259
112.497
106.943
101.303
95.7438
90.4243
85.4135
80.7356
76.3981
72.3827
68.6816
65.2823
62.1883
59.3571
56.7487
54.3606
52.1801
50.1932
48.3736
46.7064
45.1833
43.793
42.5227
41.3647
40.3103
39.3512
38.4812
37.6969
36.9931
36.3962
35.9047
35.7164
35.9533
37.9492
42.7488
63.3183
0
0.0735415
0.155396
0.2136
0.421286
0.789484
1.32454
2.04028
2.93914
4.01085
5.2498
6.63421
8.05597
9.3814
10.667
12.0184
13.601
14.9242
15.9313
16.6983
17.4213
18.1464
18.7949
19.2016
19.3946
19.403
19.2206
18.894
18.4625
17.9706
17.4539
16.9415
16.4567
16.0158
15.6302
15.3072
15.0509
14.8616
14.739
14.6801
14.6826
14.7428
14.858
15.0246
15.2402
15.5018
15.8075
16.1549
16.5426
16.9686
17.4324
17.9328
18.4693
19.0413
19.6488
20.2917
20.9704
21.6848
22.4357
23.2236
24.0495
24.9141
25.8185
26.7638
27.7515
28.7827
29.859
30.9817
32.1518
33.3711
34.641
35.9629
37.3374
38.7658
40.2498
41.7906
43.3872
45.0378
46.7408
48.4948
50.2957
52.1367
54.0109
55.9134
57.8934
59.9178
61.8725
63.8332
65.8077
67.7849
69.7025
71.5884
73.4676
75.2505
77.0217
78.6324
80.2074
81.6563
83.0338
84.3218
85.51
86.6202
87.7003
88.8964
90.3682
91.9506
93.7238
95.939
98.1252
100.469
103.174
106.114
109.446
113.037
116.778
120.631
125.165
129.908
134.947
140.26
145.706
151.426
157.357
163.298
169.169
174.836
180.194
185.116
189.496
193.213
196.181
198.311
199.551
199.859
199.231
197.668
195.213
191.919
187.936
183.332
177.983
171.611
163.924
155.204
146.358
138.266
130.849
123.63
116.501
109.539
102.827
96.4165
90.345
84.6332
79.2901
74.3081
69.712
65.4627
61.5172
57.8819
54.5392
51.472
48.6521
46.0638
43.6929
41.5216
39.5303
37.7083
36.0438
34.524
33.1392
31.8858
30.7638
29.7988
29.0286
28.6255
28.8221
30.4116
33.3841
41.583
0
0.378617
0.789159
1.09159
1.50541
2.04921
2.73771
3.58457
4.59424
5.76273
7.09043
8.55689
10.0804
11.5545
12.9487
14.3308
15.725
16.9195
17.8372
18.5056
18.9947
19.3905
19.6842
19.8715
19.9605
19.971
19.9105
19.7925
19.6477
19.5005
19.3702
19.2735
19.2219
19.2247
19.2873
19.4129
19.6036
19.8601
20.1828
20.5711
21.0246
21.5424
22.1236
22.7668
23.4711
24.235
25.0575
25.9373
26.8738
27.8661
28.914
30.0175
31.1771
32.3932
33.6668
34.9993
36.3919
37.8462
39.3639
40.947
42.5975
44.3173
46.1083
47.9725
49.9116
51.9274
54.0213
56.1945
58.4474
60.7806
63.194
65.6872
68.2587
70.9067
73.6296
76.4252
79.2882
82.2119
85.1892
88.2132
91.2742
94.362
97.4681
100.59
103.737
106.874
109.923
112.915
115.852
118.719
121.484
124.148
126.726
129.167
131.506
133.669
135.724
137.643
139.465
141.194
142.848
144.462
146.111
147.886
149.833
151.83
153.861
156.139
158.507
161.099
163.977
167.14
170.673
174.498
178.651
183.099
188.1
193.365
198.985
204.905
211.074
217.499
224.104
230.712
237.189
243.376
249.115
254.253
258.639
262.134
264.62
265.998
266.199
265.188
262.967
259.56
255.053
249.555
243.044
235.348
226.313
216.235
205.639
194.806
183.96
173.417
163.269
153.413
143.832
134.581
125.728
117.318
109.379
101.927
94.9695
88.4953
82.5032
76.9731
71.8746
67.1967
62.8993
58.9609
55.3415
52.0221
48.9852
46.2067
43.6615
41.3371
39.2164
37.2835
35.5293
33.9497
32.5504
31.3658
30.4556
30.0016
30.2605
32.0422
35.9185
42.9664
0
1.01797
1.94192
2.62732
3.27021
3.94805
4.70069
5.54739
6.4964
7.549
8.70614
9.9556
11.2505
12.5248
13.734
14.8749
15.9412
16.8661
17.6019
18.1432
18.5164
18.7571
18.898
18.9782
19.0323
19.0814
19.139
19.2161
19.3224
19.468
19.6641
19.9193
20.2422
20.6396
21.1169
21.679
22.3285
23.0672
23.8957
24.814
25.8212
26.916
28.0969
29.3619
30.7091
32.1369
33.6436
35.2281
36.8895
38.6275
40.4424
42.3351
44.3071
46.3601
48.4968
50.7199
53.0326
55.4382
57.9405
60.5429
63.2493
66.063
68.9873
72.025
75.1786
78.45
81.8405
85.3506
88.9798
92.7268
96.5894
100.564
104.646
108.83
113.108
117.474
121.917
126.423
130.979
135.571
140.181
144.794
149.392
153.966
158.501
162.973
167.328
171.549
175.628
179.551
183.301
186.871
190.258
193.444
196.437
199.209
201.788
204.176
206.396
208.463
210.395
212.236
214.034
215.848
217.683
219.495
221.277
223.158
225.152
227.331
229.716
232.345
235.326
238.663
242.362
246.44
250.949
255.805
261.072
266.687
272.61
278.837
285.256
291.733
298.091
304.17
309.771
314.728
318.853
321.995
323.997
324.748
324.155
322.181
318.817
314.126
308.087
300.602
291.53
281.006
269.413
257.086
244.301
231.332
218.424
205.804
193.532
181.602
170.039
158.907
148.266
138.168
128.638
119.696
111.347
103.582
96.3896
89.7465
83.6162
77.9781
72.7984
68.0619
63.7243
59.7571
56.1298
52.8146
49.7745
47.0007
44.4733
42.1758
40.0994
38.2416
36.6151
35.2631
34.2623
33.8011
34.1353
35.9528
39.8252
45.9076
0
1.82193
3.34055
4.50439
5.3891
6.16925
6.92487
7.68934
8.48148
9.31106
10.1808
11.0833
11.9959
12.8851
13.721
14.4882
15.1764
15.7651
16.2363
16.5856
16.8255
16.9817
17.0853
17.1699
17.2664
17.3976
17.579
17.8216
18.1351
18.5284
19.0106
19.5901
20.2744
21.0702
21.982
23.0132
24.1659
25.4409
26.8381
28.3561
29.9929
31.7459
33.6121
35.5884
37.6719
39.86
42.1507
44.5425
47.0349
49.6278
52.3226
55.121
58.0261
61.0413
64.1712
67.4206
70.7951
74.3005
77.9428
81.7278
85.6615
89.7494
93.9962
98.4064
102.983
107.729
112.645
117.73
122.984
128.402
133.98
139.71
145.584
151.59
157.716
163.946
170.264
176.649
183.079
189.529
195.975
202.392
208.753
215.038
221.223
227.276
233.151
238.817
244.249
249.423
254.33
258.949
263.28
267.311
271.039
274.452
277.561
280.373
282.893
285.147
287.145
288.938
290.558
292.058
293.436
294.691
295.837
296.967
298.129
299.376
300.772
302.412
304.311
306.497
309.053
312.04
315.438
319.228
323.436
328.047
333.049
338.407
344.021
349.754
355.434
360.878
365.885
370.257
373.797
376.319
377.647
377.647
376.209
373.293
368.82
362.665
354.689
344.888
333.516
320.896
307.325
293.104
278.504
263.779
249.151
234.797
220.788
207.161
193.966
181.273
169.145
157.634
146.767
136.564
127.031
118.16
109.933
102.322
95.2975
88.8323
82.8888
77.4383
72.4444
67.886
63.7228
59.9232
56.4526
53.2875
50.4064
47.7885
45.4298
43.3322
41.5151
40.0276
38.957
38.4878
38.8563
40.605
44.136
49.2228
0
2.59858
4.66198
6.29437
7.40117
8.25812
8.9847
9.62962
10.2236
10.7867
11.3297
11.8555
12.3595
12.8313
13.26
13.6386
13.9638
14.2322
14.4427
14.5997
14.7152
14.808
14.9014
15.0193
15.185
15.4182
15.7347
16.147
16.6664
17.303
18.0661
18.9645
20.0058
21.1962
22.5406
24.0422
25.7026
27.5219
29.4987
31.6305
33.9139
36.3448
38.9188
41.6318
44.4796
47.4589
50.5673
53.8031
57.1661
60.6572
64.2786
68.0336
71.927
75.9645
80.1528
84.4997
89.0135
93.703
98.5771
103.645
108.914
114.394
120.09
126.01
132.158
138.536
145.146
151.987
159.056
166.348
173.852
181.56
189.455
197.523
205.741
214.089
222.538
231.06
239.623
248.193
256.733
265.209
273.584
281.826
289.899
297.764
305.374
312.69
319.668
326.279
332.498
338.311
343.711
348.684
353.222
357.314
360.961
364.16
366.919
369.25
371.182
372.758
374.018
375.002
375.723
376.185
376.442
376.575
376.637
376.663
376.739
376.929
377.328
377.996
379.019
380.427
382.234
384.449
387.12
390.248
393.85
397.876
402.244
406.805
411.408
415.848
419.935
423.43
426.14
427.841
428.342
427.477
425.072
420.937
414.885
406.768
396.701
384.92
371.69
357.286
342.002
326.118
309.903
293.592
277.403
261.492
245.95
230.831
216.207
202.146
188.716
175.965
163.927
152.616
142.04
132.19
123.046
114.577
106.755
99.5464
92.9142
86.8248
81.2416
76.135
71.4782
67.2343
63.3642
59.8381
56.6329
53.7298
51.123
48.8136
46.8278
45.2188
44.0775
43.5745
43.9132
45.5048
48.5418
52.6464
0
3.22763
5.67677
7.65508
8.92378
9.82424
10.504
11.0236
11.4249
11.739
11.9863
12.1804
12.3305
12.4424
12.5211
12.5715
12.5997
12.6123
12.6169
12.623
12.6434
12.6933
12.7899
12.9512
13.1947
13.5366
13.9917
14.5732
15.2934
16.1636
17.1946
18.396
19.7761
21.3418
23.0981
25.0482
27.1932
29.5325
32.0639
34.7839
37.6877
40.7704
44.0263
47.4503
51.0376
54.7846
58.6885
62.7482
66.9641
71.3382
75.8744
80.5779
85.4557
90.5161
95.7689
101.225
106.896
112.795
118.933
125.323
131.978
138.907
146.12
153.627
161.432
169.541
177.955
186.672
195.687
204.993
214.578
224.425
234.516
244.826
255.328
265.989
276.774
287.643
298.552
309.455
320.305
331.055
341.656
352.064
362.231
372.106
381.641
390.782
399.471
407.673
415.349
422.489
429.075
435.088
440.514
445.341
449.561
453.158
456.146
458.529
460.354
461.67
462.5
462.886
462.871
462.484
461.742
460.724
459.5
458.131
456.688
455.258
453.936
452.824
452
451.519
451.415
451.727
452.515
453.815
455.655
458.002
460.77
463.828
467.018
470.157
473.03
475.393
477.02
477.674
477.07
474.969
471.099
465.2
457.204
447.208
435.366
421.885
407.015
391.025
374.197
356.807
339.115
321.354
303.729
286.399
269.466
253.006
237.096
221.809
207.212
193.354
180.265
167.962
156.45
145.719
135.748
126.506
117.961
110.078
102.818
96.1441
90.0191
84.4125
79.2904
74.628
70.3851
66.5237
63.0168
59.8453
57.0042
54.4994
52.3572
50.6282
49.4014
48.8273
49.0682
50.4264
52.9014
56.0943
0
3.62619
6.24265
8.39267
9.73265
10.631
11.2481
11.6519
11.8922
12.0093
12.0319
11.9818
11.8775
11.7352
11.57
11.3961
11.2269
11.0751
10.953
10.8729
10.8473
10.8896
11.0137
11.2338
11.5644
12.0196
12.6136
13.3598
14.2715
15.3612
16.6407
18.1208
19.8106
21.7177
23.8474
26.203
28.7855
31.5938
34.6253
37.8757
41.3399
45.0119
48.8857
52.9559
57.2174
61.6667
66.3017
71.122
76.1293
81.3275
86.7225
92.3221
98.1358
104.175
110.454
116.986
123.788
130.876
138.265
145.973
154.015
162.404
171.155
180.278
189.78
199.669
209.945
220.606
231.647
243.057
254.821
266.917
279.321
292.001
304.921
318.039
331.308
344.677
358.09
371.489
384.812
397.999
410.988
423.721
436.137
448.175
459.774
470.865
481.396
491.302
500.549
509.116
516.975
524.106
530.49
536.111
540.945
544.986
548.227
550.704
552.43
553.497
553.95
553.802
553.078
551.809
550.055
547.883
545.367
542.572
539.569
536.449
533.332
530.341
527.558
525.049
522.869
521.094
519.793
519.049
518.888
519.312
520.218
521.502
522.992
524.517
525.861
526.744
526.905
526.069
523.86
519.969
514.175
506.399
496.625
484.936
471.467
456.427
440.044
422.587
404.325
385.534
366.466
347.355
328.396
309.758
291.55
273.866
256.784
240.384
224.728
209.867
195.828
182.628
170.267
158.737
148.015
138.069
128.864
120.364
112.528
105.318
98.6953
92.6252
87.0738
82.0147
77.4177
73.237
69.4432
66.0171
62.9534
60.2584
57.9589
56.1049
54.774
54.0905
54.1742
55.2414
57.1377
59.5213
0
3.76724
6.32627
8.46499
9.77448
10.6173
11.1535
11.454
11.574
11.5594
11.4439
11.2541
11.013
10.7414
10.459
10.184
9.93321
9.72217
9.565
9.47479
9.46401
9.54485
9.72962
10.031
10.4622
11.0368
11.7687
12.6722
13.7613
15.0498
16.5506
18.2755
20.2346
22.4363
24.8866
27.5889
30.5444
33.7523
37.2098
40.9126
44.8555
49.0325
53.4379
58.0662
62.9133
67.9762
73.2539
78.7477
84.4612
90.4005
96.5745
102.994
109.671
116.622
123.864
131.415
139.296
147.527
156.129
165.122
174.525
184.357
194.634
205.37
216.575
228.256
240.415
253.05
266.155
279.714
293.71
308.116
322.901
338.026
353.445
369.106
384.95
400.913
416.928
432.92
448.815
464.538
480.013
495.164
509.919
524.203
537.941
551.061
563.494
575.166
586.041
596.079
605.255
613.545
620.926
627.377
632.864
637.386
640.927
643.534
645.259
646.187
646.33
645.697
644.337
642.294
639.622
636.389
632.666
628.526
624.044
619.316
614.483
609.661
604.945
600.411
596.137
592.23
588.781
585.886
583.546
581.793
580.586
579.807
579.289
578.869
578.336
577.365
575.63
572.765
568.496
562.597
554.903
545.325
533.843
520.523
505.498
488.959
471.129
452.265
432.633
412.504
392.131
371.743
351.537
331.682
312.294
293.479
275.322
257.901
241.279
225.504
210.601
196.583
183.452
171.196
159.789
149.2
139.392
130.327
121.963
114.26
107.179
100.681
94.7314
89.3026
84.3685
79.8816
75.8118
72.1399
68.8599
65.9778
63.5184
61.5262
60.068
59.2422
59.1223
59.8617
61.1936
62.8775
0
3.67445
5.98335
7.94797
9.13221
9.86593
10.3015
10.5088
10.5464
10.4624
10.2925
10.0643
9.80096
9.52298
9.24916
8.99682
8.78196
8.61927
8.52214
8.50297
8.57345
8.74517
9.02987
9.43991
9.98845
10.6895
11.5578
12.6088
13.8577
15.3197
17.009
18.9386
21.1202
23.563
26.2738
29.2571
32.5146
36.046
39.8493
43.9206
48.2554
52.8484
57.6946
62.7897
68.1306
73.7161
79.5469
85.6263
91.9605
98.5585
105.432
112.596
120.066
127.862
136.004
144.517
153.425
162.752
172.524
182.765
193.498
204.746
216.527
228.859
241.754
255.221
269.262
283.875
299.05
314.771
331.016
347.753
364.943
382.539
400.485
418.719
437.169
455.758
474.404
493.019
511.513
529.794
547.772
565.357
582.461
598.993
614.87
630.015
644.334
657.76
670.233
681.719
692.191
701.622
709.988
717.255
723.402
728.411
732.285
735.093
736.891
737.736
737.646
736.637
734.766
732.078
728.631
724.487
719.715
714.373
708.545
702.345
695.91
689.351
682.762
676.233
669.882
663.831
658.215
653.091
648.523
644.549
641.138
638.157
635.476
632.885
630.129
626.896
622.898
617.833
611.464
603.557
593.965
582.564
569.357
554.393
537.805
519.763
500.49
480.227
459.246
437.807
416.168
394.553
373.162
352.165
331.671
311.81
292.664
274.309
256.806
240.197
224.507
209.75
195.923
183.008
170.98
159.806
149.449
139.868
131.023
122.869
115.366
108.475
102.159
96.3888
91.1359
86.3564
82.0213
78.1116
74.62
71.5515
68.927
66.7844
65.1769
64.1786
63.824
64.2181
65.0179
66.1057
0
3.39956
5.32305
6.99421
7.97886
8.55903
8.87362
8.99285
8.97675
8.8734
8.71814
8.53676
8.3491
8.17125
8.01697
7.89853
7.82719
7.81352
7.8676
7.99934
8.2188
8.53659
8.96421
9.51433
10.2008
11.0389
12.0447
13.2354
14.6282
16.2399
18.0866
20.1833
22.5431
25.1769
28.0931
31.2972
34.7925
38.58
42.6589
47.0267
51.68
56.6152
61.8287
67.3181
73.0822
79.1219
85.4404
92.0435
98.9401
106.142
113.666
121.528
129.749
138.352
147.363
156.809
166.718
177.12
188.044
199.516
211.565
224.215
237.489
251.407
265.982
281.227
297.143
313.728
330.971
348.85
367.34
386.402
405.99
426.047
446.509
467.3
488.335
509.525
530.77
551.968
573.013
593.798
614.216
634.163
653.534
672.229
690.151
707.209
723.303
738.357
752.304
765.116
776.762
787.214
796.448
804.427
811.14
816.564
820.735
823.705
825.548
826.295
825.98
824.623
822.291
819.025
814.886
809.93
804.225
797.838
790.853
783.397
775.581
767.507
759.265
750.957
742.73
734.722
727.078
719.867
713.189
707.031
701.344
696.046
690.964
685.906
680.619
674.854
668.369
660.917
652.278
642.247
630.661
617.43
602.522
585.961
567.857
548.368
527.704
506.107
483.841
461.17
438.343
415.591
393.107
371.072
349.571
328.749
308.696
289.49
271.184
253.821
237.419
222.001
207.552
194.049
181.463
169.764
158.912
148.869
139.59
131.029
123.143
115.894
109.242
103.159
97.6093
92.5544
87.9672
83.8294
80.1321
76.8784
74.0845
71.7805
70.006
68.8126
68.2039
68.2509
68.5614
69.1474
0
3.00816
4.47544
5.78483
6.52277
6.91889
7.09765
7.13099
7.08028
6.99325
6.90354
6.83328
6.79657
6.80234
6.85642
6.96302
7.1258
7.34857
7.63587
7.99331
8.428
8.94883
9.56666
10.2944
11.147
12.141
13.2947
14.6273
16.1584
17.9075
19.8931
22.1334
24.6431
27.4357
30.5215
33.9085
37.6023
41.6059
45.9208
50.5464
55.4818
60.7256
66.2766
72.1349
78.3018
84.7807
91.5774
98.7005
106.161
113.975
122.16
130.736
139.729
149.165
159.074
169.485
180.43
191.942
204.052
216.791
230.189
244.274
259.071
274.599
290.876
307.912
325.711
344.268
363.566
383.582
404.285
425.631
447.568
470.029
492.937
516.206
539.739
563.429
587.164
610.826
634.292
657.441
680.151
702.301
723.774
744.457
764.24
783.019
800.699
817.183
832.416
846.361
858.987
870.277
880.201
888.74
895.872
901.611
905.962
909.021
910.827
911.437
910.878
909.197
906.437
902.654
897.901
892.234
885.716
878.431
870.467
861.937
852.933
843.537
833.834
823.947
814.022
804.221
794.654
785.411
776.531
768.035
759.887
751.934
744.124
736.311
728.326
720.074
711.265
701.687
691.033
679.087
665.677
650.627
633.955
615.725
596.031
575.032
552.927
529.963
506.4
482.501
458.511
434.66
411.136
388.141
365.706
344.034
323.189
303.241
284.239
266.22
249.195
233.187
218.192
204.168
191.092
178.929
167.641
157.192
147.533
138.611
130.384
122.813
115.861
109.494
103.674
98.3663
93.5448
89.1919
85.2978
81.8629
78.8981
76.4256
74.4718
73.0693
72.1978
71.9081
71.7767
71.9438
0
2.56803
3.56907
4.49946
4.97289
5.1713
5.2078
5.15832
5.08678
5.04102
5.05243
5.13843
5.30616
5.55597
5.88422
6.28549
6.75419
7.28578
7.87768
8.5298
9.24497
10.0293
10.8922
11.8463
12.9072
14.0932
15.4253
16.9246
18.6143
20.517
22.6548
25.05
27.7196
30.6808
33.9468
37.5287
41.435
45.6719
50.244
55.1541
60.4043
65.9958
71.9302
78.2095
84.8383
91.8226
99.1706
106.894
115.006
123.524
132.47
141.865
151.741
162.122
173.04
184.525
196.613
209.335
222.727
236.82
251.646
267.234
283.608
300.79
318.796
337.637
357.314
377.819
399.135
421.235
444.083
467.63
491.814
516.56
541.782
567.38
593.245
619.257
645.288
671.207
696.875
722.159
746.92
771.025
794.346
816.752
838.133
858.371
877.368
895.022
911.277
926.098
939.457
951.343
961.737
970.635
978.019
983.919
988.302
991.337
993.011
993.415
992.579
990.556
987.374
983.099
977.771
971.445
964.174
956.025
947.097
937.48
927.258
916.502
905.298
893.798
882.17
870.554
859.037
847.644
836.381
825.353
814.55
804.077
793.757
783.57
773.425
762.895
751.801
739.862
726.951
712.848
697.403
680.418
662.034
642.192
620.985
598.556
575.108
550.882
526.14
501.137
476.119
451.304
426.88
403.054
379.825
357.409
335.872
315.282
295.683
277.105
259.546
243.074
227.64
213.191
199.708
187.158
175.502
164.7
154.71
145.475
136.952
129.102
121.889
115.273
109.217
103.684
98.6515
94.1016
90.0233
86.4152
83.2827
80.6398
78.5012
76.8843
75.7515
75.1435
74.6186
74.4385
0
2.13411
2.7062
3.28103
3.49943
3.50574
3.40741
3.28692
3.21194
3.23082
3.37231
3.6488
4.06008
4.59773
5.24854
5.99732
6.82908
7.73063
8.69165
9.70563
10.7704
11.8882
13.0669
14.3178
15.6575
17.1059
18.6867
20.4237
22.3431
24.4707
26.832
29.4515
32.3526
35.5567
39.0819
42.9439
47.1555
51.7272
56.6677
61.984
67.6818
73.7663
80.2421
87.1148
94.3901
102.076
110.183
118.723
127.711
137.164
147.105
157.554
168.539
180.088
192.23
204.999
218.426
232.544
247.391
262.993
279.381
296.581
314.617
333.514
353.286
373.943
395.487
417.907
441.184
465.285
490.169
515.78
542.05
568.895
596.218
623.906
651.84
679.884
707.9
735.743
763.262
790.309
816.735
842.398
867.159
890.879
913.426
934.7
954.578
972.981
989.847
1005.13
1018.83
1030.93
1041.44
1050.35
1057.69
1063.45
1067.6
1070.36
1071.69
1071.68
1070.42
1067.9
1064.17
1059.27
1053.25
1046.16
1038.04
1028.96
1019.02
1008.3
996.868
984.775
972.122
959.041
945.624
932.034
918.375
904.732
891.269
877.972
865.078
852.325
839.758
827.144
814.385
801.37
787.808
773.718
758.743
742.66
725.321
706.604
686.515
665.08
642.387
618.576
593.85
568.447
542.627
516.64
490.723
465.087
439.908
415.352
391.513
368.518
346.448
325.366
305.31
286.306
268.348
251.477
235.684
220.898
207.096
194.241
182.291
171.224
160.985
151.499
142.739
134.661
127.224
120.395
114.135
108.409
103.192
98.4675
94.2227
90.4548
87.1622
84.3528
82.0314
80.202
78.8187
77.9157
77.044
76.5794
0
1.74596
1.94404
2.21034
2.19972
2.03423
1.82339
1.65852
1.61161
1.73096
2.04193
2.5513
3.25164
4.12646
5.15413
6.31104
7.57406
8.92234
10.3386
11.8102
13.3301
14.8976
16.5183
18.2013
19.963
21.8242
23.8098
25.9471
28.2671
30.8003
33.5781
36.6302
39.985
43.6689
47.7052
52.115
56.9165
62.1258
67.7564
73.8199
80.3262
87.2838
94.7005
102.584
110.941
119.779
129.108
138.939
149.284
160.158
171.58
183.57
196.15
209.345
223.181
237.683
252.88
268.8
285.467
302.911
321.156
340.227
360.147
380.934
402.606
425.166
448.618
472.947
498.13
524.131
550.904
578.389
606.508
635.172
664.269
693.683
723.27
752.896
782.407
811.649
840.459
868.68
896.158
922.745
948.284
972.633
995.665
1017.26
1037.32
1055.77
1072.53
1087.59
1100.93
1112.55
1122.49
1130.76
1137.41
1142.4
1145.72
1147.62
1148.05
1147.14
1144.95
1141.45
1136.69
1130.73
1123.59
1115.31
1105.95
1095.59
1084.3
1072.09
1059.03
1045.19
1030.69
1015.71
1000.45
984.961
969.371
953.965
938.585
923.398
908.278
893.296
878.483
863.646
848.954
834.058
818.733
802.776
785.965
768.109
749.075
728.775
707.217
684.419
660.458
635.47
609.653
583.251
556.52
529.71
503.044
476.725
450.92
425.784
401.414
377.931
355.411
333.913
313.473
294.116
275.843
258.666
242.567
227.505
213.442
200.336
188.143
176.832
166.368
156.677
147.717
139.449
131.83
124.831
118.407
112.516
107.139
102.259
97.8606
93.9413
90.4959
87.5248
85.0232
82.989
81.3683
80.195
79.0177
78.327
0
1.4353
1.36904
1.40673
1.22756
0.946638
0.681511
0.53226
0.572955
0.84922
1.38148
2.17057
3.20348
4.45829
5.90845
7.52565
9.28211
11.1525
13.1152
15.154
17.2587
19.4258
21.6585
23.9663
26.3657
28.8796
31.5353
34.3647
37.4021
40.6821
44.24
48.111
52.3275
56.9242
61.9294
67.3699
73.2694
79.6484
86.5247
93.9119
101.823
110.267
119.253
128.786
138.872
149.517
160.724
172.497
184.842
197.764
211.276
225.386
240.111
255.466
271.465
288.125
305.465
323.503
342.259
361.752
382
403.026
424.837
447.458
470.894
495.161
520.256
546.166
572.865
600.32
628.482
657.29
686.665
716.509
746.706
777.124
807.624
838.055
868.266
898.093
927.367
955.927
983.617
1010.28
1035.77
1059.93
1082.62
1103.75
1123.23
1140.97
1156.91
1171.02
1183.28
1193.73
1202.42
1209.43
1214.76
1218.38
1220.3
1220.85
1219.87
1217.62
1214.02
1209.08
1202.85
1195.35
1186.62
1176.68
1165.6
1153.45
1140.29
1126.2
1111.21
1095.39
1078.89
1061.96
1044.68
1027.23
1009.71
992.089
974.493
957.074
939.769
922.876
906.21
889.656
873.105
856.401
839.328
821.713
803.32
783.98
763.574
742.047
719.389
695.616
670.788
645.031
618.537
591.554
564.332
537.108
510.092
483.471
457.403
432.025
407.448
383.775
361.082
339.425
318.838
299.346
280.949
263.646
247.417
232.228
218.041
204.813
192.514
181.093
170.506
160.697
151.623
143.241
135.504
128.382
121.837
115.829
110.335
105.336
100.818
96.778
93.1998
90.0821
87.4173
85.195
83.3578
81.9436
80.4978
79.6409
0
1.21193
1.00679
0.91864
0.654837
0.341337
0.106773
0.0554844
0.258432
0.755318
1.56142
2.67442
4.07959
5.75438
7.67252
9.80729
12.1328
14.6252
17.2628
20.0298
22.9172
25.9232
29.0519
32.3153
35.7276
39.3156
43.1102
47.1467
51.4622
56.0944
61.0811
66.4598
72.2654
78.5352
85.2989
92.5866
100.425
108.832
117.829
127.427
137.636
148.458
159.895
171.946
184.608
197.874
211.739
226.194
241.23
256.841
273.018
289.766
307.083
324.971
343.431
362.465
382.076
402.275
423.07
444.472
466.49
489.135
512.423
536.364
560.971
586.262
612.239
638.898
666.22
694.178
722.733
751.828
781.388
811.315
841.497
871.796
902.076
932.193
961.993
991.31
1019.97
1047.82
1074.71
1100.49
1124.99
1148.09
1169.64
1189.57
1207.76
1224.14
1238.64
1251.22
1261.88
1270.65
1277.63
1282.94
1286.56
1288.42
1288.68
1287.52
1284.94
1281.03
1275.74
1269.08
1261.07
1251.75
1241.14
1229.28
1216.24
1202.07
1186.82
1170.55
1153.27
1135.2
1116.49
1097.35
1077.76
1057.88
1037.88
1017.77
997.892
978.213
958.766
939.609
920.725
902.017
883.426
864.793
845.95
826.684
806.791
786.113
764.565
742.108
718.739
694.451
669.274
643.305
616.731
589.785
562.705
535.701
508.959
482.641
456.892
431.834
407.572
384.2
361.795
340.406
320.066
300.801
282.612
265.49
249.411
234.358
220.284
207.153
194.926
183.558
173.007
163.22
154.156
145.772
138.024
130.875
124.289
118.233
112.681
107.616
103.019
98.8871
95.2063
91.9699
89.1648
86.7777
84.7501
83.1268
81.4497
80.4763
0
1.05981
0.830619
0.706334
0.437439
0.17393
0.0559632
0.186582
0.630413
1.42198
2.57603
4.09397
5.96695
8.18006
10.7186
13.5656
16.7046
20.1194
23.791
27.7135
31.8845
36.308
40.9916
45.9469
51.191
56.7484
62.6501
68.9291
75.619
82.7525
90.363
98.4821
107.143
116.371
126.195
136.638
147.713
159.436
171.811
184.843
198.527
212.853
227.809
243.38
259.546
276.289
293.585
311.406
329.727
348.52
367.765
387.446
407.551
428.066
448.977
470.271
491.939
513.976
536.385
559.165
582.321
605.859
629.794
654.137
678.919
704.159
729.873
756.083
782.779
809.949
837.566
865.589
893.951
922.566
951.323
980.107
1008.78
1037.22
1065.27
1092.79
1119.59
1145.52
1170.44
1194.21
1216.68
1237.73
1257.22
1275.06
1291.16
1305.43
1317.79
1328.2
1336.63
1343.14
1347.85
1350.91
1352.33
1351.97
1350.1
1346.92
1342.29
1336.32
1328.94
1320.15
1309.97
1298.41
1285.5
1271.28
1255.82
1239.18
1221.44
1202.66
1182.93
1162.29
1140.98
1119.19
1096.94
1074.54
1052.05
1029.53
1007.16
985.039
963.238
941.831
920.815
900.128
879.705
859.404
839.073
818.492
797.474
775.877
753.639
730.744
707.188
682.932
657.962
632.346
606.253
579.906
553.52
527.269
501.308
475.776
450.799
426.488
402.935
380.235
358.46
337.659
317.864
299.109
281.389
264.691
248.991
234.267
220.485
207.613
195.614
184.442
174.052
164.399
155.445
147.147
139.464
132.357
125.795
119.747
114.185
109.094
104.459
100.27
96.5137
93.1808
90.2568
87.727
85.5335
83.7304
81.8555
80.7974
0
0.972609
0.850722
0.765174
0.552854
0.406781
0.479048
0.87255
1.65184
2.85972
4.53186
6.69602
9.36723
12.5521
16.2579
20.4963
25.2754
30.5916
36.4363
42.8068
49.7033
57.1243
65.0667
73.5277
82.507
92.0117
102.049
112.626
123.754
135.447
147.714
160.565
174.009
188.051
202.703
217.965
233.833
250.302
267.363
285.002
303.199
321.928
341.163
360.872
381.024
401.585
422.519
443.781
465.329
487.121
509.129
531.325
553.695
576.207
598.835
621.557
644.359
667.229
690.161
713.162
736.236
759.397
782.653
806.03
829.553
853.273
877.224
901.449
925.954
950.739
975.798
1001.11
1026.62
1052.26
1077.94
1103.57
1129.03
1154.21
1179
1203.23
1226.76
1249.41
1271.08
1291.62
1310.92
1328.84
1345.24
1360.04
1373.16
1384.5
1393.98
1401.52
1407.05
1410.68
1412.51
1412.8
1411.44
1408.27
1404.02
1398.33
1391.23
1382.75
1372.83
1361.46
1348.65
1334.41
1318.78
1301.85
1283.68
1264.32
1243.77
1222.11
1199.49
1175.98
1151.94
1127.43
1102.55
1077.45
1052.3
1027.21
1002.36
977.9
953.926
930.497
907.604
885.228
863.306
841.724
820.305
798.848
777.165
755.138
732.713
709.896
686.672
662.967
638.709
613.939
588.814
563.541
538.301
513.231
488.451
464.079
440.221
416.984
394.448
372.703
351.826
331.864
312.844
294.798
277.731
261.633
246.479
232.244
218.901
206.422
194.771
183.903
173.774
164.344
155.579
147.439
139.885
132.877
126.387
120.389
114.86
109.781
105.137
100.917
97.1078
93.6996
90.6771
88.0259
85.6901
83.7347
81.6947
80.5737
0
0.997067
1.13968
1.12171
0.982285
0.988724
1.32543
2.12973
3.516
5.59349
8.48486
12.3057
17.1379
23.0271
30.0216
38.1531
47.4328
57.8273
69.2851
81.7611
95.1908
109.495
124.586
140.391
156.852
173.915
191.527
209.627
228.171
247.127
266.473
286.16
306.208
326.618
347.361
368.413
389.762
411.394
433.305
455.474
477.882
500.502
523.31
546.278
569.375
592.569
615.83
639.118
662.384
685.584
708.685
731.674
754.524
777.216
799.725
822.03
844.121
865.992
887.64
909.075
930.314
951.373
972.26
992.983
1013.6
1034.11
1054.62
1075.18
1095.81
1116.53
1137.35
1158.25
1179.2
1200.15
1221.05
1241.83
1262.41
1282.72
1302.67
1322.11
1340.89
1358.87
1375.94
1392
1406.94
1420.63
1432.93
1443.7
1452.93
1460.52
1466.38
1470.36
1472.37
1472.53
1470.88
1467.75
1463.11
1456.87
1449.69
1441.05
1431.03
1419.6
1406.72
1392.37
1376.56
1359.33
1340.72
1320.76
1299.53
1277.07
1253.41
1228.73
1203.12
1176.76
1149.83
1122.47
1094.79
1067.01
1039.27
1011.76
984.612
958.045
932.158
907.007
882.588
858.899
835.889
813.453
791.396
769.528
747.67
725.704
703.586
681.338
658.943
636.265
613.173
589.679
565.932
542.12
518.391
494.833
471.538
448.604
426.121
404.177
382.859
362.265
342.469
323.517
305.436
288.259
271.997
256.639
242.162
228.539
215.747
203.761
192.55
182.069
172.277
163.137
154.621
146.694
139.318
132.457
126.084
120.177
114.712
109.675
105.048
100.821
96.9811
93.5178
90.4166
87.6647
85.2092
83.1254
80.9507
79.7807
0
1.32284
1.83578
1.75037
1.57346
1.79614
2.80261
4.96502
8.64593
14.1865
21.9359
32.1696
44.9771
60.31
78.0853
98.1209
120.191
143.98
169.22
195.674
223.068
251.124
279.546
308.127
336.723
365.264
393.569
421.457
448.863
475.795
502.279
528.357
554.001
579.221
604.038
628.481
652.594
676.432
700.033
723.42
746.609
769.608
792.423
815.062
837.514
859.772
881.824
903.641
925.173
946.395
967.306
987.904
1008.18
1028.13
1047.74
1066.98
1085.86
1104.37
1122.52
1140.34
1157.84
1175.04
1191.88
1208.35
1224.44
1240.3
1255.96
1271.48
1286.9
1302.22
1317.46
1332.61
1347.63
1362.51
1377.22
1391.77
1406.11
1420.18
1433.93
1447.26
1460.01
1472.05
1483.32
1493.74
1503.23
1511.66
1518.86
1524.71
1529.19
1532.26
1533.83
1533.65
1531.5
1527.57
1521.93
1514.92
1506.46
1496.75
1486.22
1474.21
1460.86
1446.12
1429.94
1412.29
1393.18
1372.63
1350.71
1327.47
1302.99
1277.31
1250.5
1222.68
1194.01
1164.68
1134.87
1104.73
1074.38
1044.07
1013.98
984.263
955.112
926.756
899.304
872.817
847.327
822.83
799.343
776.687
754.63
732.952
711.485
690.087
668.731
647.456
626.218
604.835
583.159
561.191
539.07
516.959
494.962
473.119
451.492
430.166
409.215
388.716
368.76
349.459
330.879
313.064
296.04
279.845
264.493
249.976
236.268
223.342
211.18
199.761
189.056
179.023
169.624
160.83
152.617
144.95
137.795
131.119
124.898
119.112
113.742
108.773
104.189
99.9776
96.1277
92.6293
89.4688
86.6362
84.0825
81.8923
79.6113
78.3991
0
2.58578
3.01579
2.05614
2.07037
4.5466
10.8472
22.0595
38.9439
61.8817
90.9654
125.752
165.495
209.299
256.317
305.572
356.052
406.724
456.989
506.542
554.652
600.945
644.845
686.221
725.167
761.564
795.58
827.436
857.299
885.166
911.292
935.808
958.911
980.724
1001.41
1021.13
1040.07
1058.4
1076.23
1093.65
1110.69
1127.42
1143.86
1160.04
1175.99
1191.74
1207.29
1222.64
1237.75
1252.6
1267.23
1281.65
1295.88
1309.9
1323.71
1337.27
1350.56
1363.59
1376.33
1388.79
1400.97
1412.87
1424.46
1435.75
1446.62
1457.09
1467.24
1477.16
1486.86
1496.3
1505.47
1514.37
1522.92
1531.12
1539.04
1546.72
1554.13
1561.24
1568.03
1574.44
1580.33
1585.61
1590.23
1594.18
1597.37
1599.75
1601.1
1601.19
1600.2
1598.06
1594.66
1589.73
1583.05
1574.59
1564.48
1553.1
1540.39
1526.87
1512.6
1496.88
1479.88
1461.5
1441.69
1420.45
1397.77
1373.73
1348.38
1321.76
1293.92
1264.94
1234.91
1203.97
1172.33
1140.16
1107.64
1074.9
1042.11
1009.55
977.403
945.869
915.18
885.682
857.419
830.408
804.682
780.201
756.895
734.519
712.894
691.8
671.057
650.511
630.151
610.046
590.138
570.201
550.079
529.777
509.423
489.141
468.993
448.969
429.102
409.47
390.13
371.153
352.633
334.71
317.425
300.822
284.929
269.794
255.422
241.816
228.938
216.774
205.308
194.516
184.372
174.836
165.876
157.471
149.6
142.23
135.33
128.871
122.833
117.199
111.951
107.075
102.558
98.3846
94.5456
91.0316
87.831
84.9371
82.3057
80.0293
77.6674
76.416
0
5.71647
2.40975
4.73874
19.2945
49.198
95.2128
157.033
233.233
321.775
420.079
522.421
625.143
725.642
822.987
914.073
997.696
1072.38
1139.37
1198.29
1249.55
1294.46
1333.65
1367.57
1396.5
1420.86
1441.14
1457.87
1471.63
1482.57
1491.71
1498.97
1505.04
1509.95
1513.93
1517.3
1520.34
1523.28
1526.23
1529.23
1532.34
1535.57
1538.97
1542.6
1546.45
1550.53
1554.89
1559.5
1564.31
1569.29
1574.49
1579.87
1585.4
1591.09
1596.87
1602.67
1608.53
1614.45
1620.53
1626.79
1633.13
1639.47
1645.68
1651.67
1657.34
1662.66
1667.69
1672.5
1677.09
1681.29
1685.06
1688.38
1691.09
1693.23
1694.92
1696.25
1697.14
1697.56
1697.54
1697.08
1696.07
1694.44
1692.18
1689.35
1685.89
1681.7
1676.62
1670.6
1663.69
1655.86
1647.01
1636.93
1625.3
1611.98
1597.04
1580.96
1563.56
1546.1
1527.77
1508.06
1487.11
1464.83
1441.19
1416.19
1389.84
1362.19
1333.33
1303.28
1272.09
1239.89
1206.77
1172.9
1138.48
1103.71
1068.74
1033.74
998.944
964.79
931.368
898.921
867.689
837.902
809.552
782.721
757.4
733.512
710.889
689.166
668.242
647.948
628.1
608.537
589.274
570.412
551.88
533.418
514.893
496.324
477.806
459.407
441.153
422.979
404.888
386.967
369.262
351.841
334.792
318.294
302.351
287.009
272.297
258.28
244.936
232.293
220.293
208.937
198.215
188.094
178.552
169.549
161.064
153.082
145.588
138.55
131.936
125.724
119.899
114.444
109.345
104.587
100.158
96.045
92.237
88.7267
85.505
82.5687
79.8792
77.5352
75.115
73.8247
0
4.07529
48.947
143.084
284.862
483.234
715.772
964.468
1207.73
1437.3
1644.38
1812.02
1944.85
2050.69
2131.16
2192.4
2238.04
2271.64
2295.47
2309.49
2313.16
2311.51
2304.04
2292.04
2276.47
2258.09
2237.56
2215.52
2192.53
2168.87
2145.06
2121.27
2097.92
2075.32
2053.27
2032.2
2012.24
1993.48
1975.91
1959.43
1944
1929.61
1916.28
1904
1892.73
1882.43
1873.13
1864.82
1857.39
1850.81
1845.1
1840.28
1836.3
1833.03
1830.4
1828.34
1826.85
1825.96
1825.61
1825.78
1826.48
1827.61
1828.98
1830.45
1831.86
1833.13
1834.24
1835.32
1836.25
1836.78
1836.82
1836.31
1835
1832.9
1830.18
1826.9
1822.9
1818.1
1812.6
1806.39
1799.45
1791.68
1783.17
1774.01
1764.15
1753.54
1742.11
1729.83
1716.81
1703.07
1688.54
1673.06
1656.32
1637.99
1618.07
1597.04
1574.93
1553.19
1530.56
1506.67
1481.62
1455.31
1427.72
1398.88
1368.8
1337.58
1305.26
1271.88
1237.51
1202.3
1166.34
1129.86
1093.05
1056.23
1019.52
983.119
947.297
912.403
878.547
846.04
815.083
785.841
758.009
731.842
707.297
684.268
662.505
641.741
621.779
602.465
583.643
565.136
547.014
529.4
512.221
495.207
478.275
461.469
444.811
428.283
411.897
395.553
379.198
362.955
346.873
331.028
315.469
300.408
285.83
271.775
258.282
245.431
233.141
221.499
210.407
199.895
189.961
180.546
171.639
163.198
155.221
147.693
140.608
133.929
127.631
121.695
116.109
110.86
105.933
101.317
96.9987
92.9658
89.2085
85.7211
82.497
79.5369
76.8083
74.4136
71.9572
70.6245
0
524.606
1236.15
2035.68
2769.69
3427.29
3854.09
4130
4271.76
4305.75
4303.35
4242.01
4167.85
4088.41
4001.73
3910.82
3818.47
3725.97
3634.71
3544.75
3455.52
3368.22
3283.36
3201.33
3122.35
3046.58
2973.94
2904.53
2838.27
2775
2714.65
2656.9
2602.59
2551.66
2503.09
2457.56
2414.85
2374.85
2337.32
2301.96
2268.71
2237.52
2208.38
2181.25
2155.98
2132.44
2110.69
2090.75
2072.5
2055.84
2040.74
2026.97
2014.47
2003.23
1993.16
1984.22
1976.44
1969.84
1964.29
1959.77
1956.24
1953.59
1951.54
1950.03
1948.83
1947.84
1946.93
1946.3
1945.36
1944.18
1942.53
1940.36
1937.38
1933.6
1929.11
1923.95
1917.67
1910.19
1901.6
1891.83
1880.94
1868.82
1855.61
1841.42
1826.25
1810.06
1792.91
1774.89
1756.12
1736.66
1716.54
1695.69
1673.85
1650.58
1625.74
1599.84
1573
1546.91
1519.91
1491.8
1462.62
1432.3
1400.83
1368.24
1334.59
1299.98
1264.44
1228.05
1190.89
1153.25
1115.13
1076.81
1038.53
1000.52
962.939
926.047
890.132
855.494
821.956
789.987
759.761
731.347
704.617
679.569
656.133
634.142
613.351
593.502
574.421
556.006
538.128
520.593
503.54
487.083
471.171
455.545
440.198
425.18
410.388
395.713
381.127
366.566
351.893
337.287
322.822
308.581
294.487
280.932
267.746
255.019
242.808
231.169
219.975
209.37
199.219
189.593
180.497
171.826
163.591
155.743
148.313
141.273
134.629
128.342
122.39
116.761
111.445
106.43
101.702
97.2523
93.0689
89.1396
85.4551
82.0118
78.806
75.8425
73.0952
70.6668
68.1973
66.8171
0
11797.8
13460.4
13281.9
12278.3
11185.2
9968.22
9080.56
8296.63
7652.17
7114.27
6640.57
6234.27
5881.48
5570.79
5293.51
5045.41
4819.88
4614.52
4426.25
4252.75
4092.59
3944.39
3806.95
3679.18
3560.31
3449.18
3345.51
3248.31
3157.28
3071.65
2990.34
2915.07
2845.13
2777.72
2716.21
2658.13
2603.16
2551.34
2502.38
2456.33
2413.1
2372.68
2334.96
2299.66
2266.62
2235.93
2207.75
2181.93
2158.23
2136.49
2116.45
2098.04
2081.29
2066.18
2052.72
2040.85
2030.71
2021.89
2014.55
2008.31
2003.28
1999.14
1996.24
1993.99
1992.55
1991.44
1990.83
1989.7
1989.02
1987.91
1986.38
1984.48
1981.97
1978.48
1974.02
1968.14
1960.81
1951.98
1941.32
1929.25
1915.45
1899.99
1882.95
1864.33
1844.22
1822.77
1800.19
1776.65
1752.31
1727.32
1701.77
1675.46
1647.89
1618.76
1588.53
1557.29
1527.12
1496.06
1464.06
1431.11
1397.18
1362.28
1326.49
1289.88
1252.55
1214.55
1176
1137.01
1097.82
1058.51
1019.38
980.647
942.545
905.066
868.465
833.075
799.104
766.584
735.707
706.57
679.17
653.395
629.189
606.477
585.075
564.782
545.4
526.767
508.874
491.573
474.664
458.372
442.758
427.869
413.453
399.577
386.246
373.209
360.151
347.336
334.557
321.529
308.57
295.788
283.256
270.827
258.718
247.035
235.729
224.879
214.625
204.568
195.186
186.092
177.458
169.29
161.441
153.962
146.774
139.972
133.48
127.339
121.501
115.954
110.685
105.689
100.955
96.4691
92.226
88.2159
84.4265
80.849
77.4824
74.3261
71.3884
68.6505
66.2121
63.7596
62.3321
7257.27
9684.17
10726.8
11024.5
10691.9
10288.5
9597.93
9052.5
8392.19
7734.02
7186.52
6717.6
6323.55
5966.05
5647.34
5362.41
5109.06
4877.99
4667.53
4474.78
4298.09
4135.25
3984.89
3845.42
3715.62
3594.83
3481.39
3375.87
3276.05
3183.63
3094.02
3009.71
2934.6
2862.51
2794.21
2729.55
2669.06
2610.47
2555.02
2502.49
2453.17
2406.8
2363.42
2322.73
2284.51
2248.69
2215.37
2184.84
2156.9
2131.14
2107.16
2084.88
2064.42
2045.77
2029.03
2014.25
2001
1989.98
1979.92
1972.04
1964.63
1958.79
1954.14
1952.1
1950.5
1950.85
1951.6
1952.66
1952.85
1955.28
1956.77
1958
1960.12
1961.85
1962.08
1961.33
1959.14
1955.59
1950.23
1942.16
1932.36
1920.34
1906
1889.29
1870.17
1848.95
1825.88
1801.18
1774.98
1747.54
1719.17
1690.15
1660.44
1629.62
1597.2
1563.6
1528.58
1494.76
1460.11
1424.62
1388.31
1351.19
1313.3
1274.73
1235.62
1196.05
1156.13
1115.99
1075.81
1035.8
995.891
956.429
917.658
879.747
842.813
807.021
772.563
739.575
708.092
678.229
650.019
623.448
598.43
574.904
552.738
531.778
511.854
492.857
474.639
457.291
440.621
424.424
408.993
394.241
380.41
367.266
354.974
343.461
332.127
321.019
309.739
298.655
287.343
276.099
265.046
254.297
243.535
233.005
222.878
213.081
203.79
194.863
186.184
177.963
169.978
162.442
155.354
148.437
141.807
135.369
129.292
123.413
117.838
112.514
107.44
102.599
97.9859
93.5891
89.4001
85.4156
81.6282
78.0255
74.5997
71.3522
68.2855
65.4113
62.7178
60.2986
57.8995
56.4222
1501.54
1759.25
1984.39
2189.63
2389.32
2622.98
2825.52
3018.74
3200.81
3337.39
3438.16
3499.51
3541.13
3552.48
3556.11
3538.76
3515.79
3461.47
3404.84
3343.35
3280.28
3215.87
3151.54
3087.34
3023.77
2961.55
2899.58
2840.19
2780.61
2723.62
2669.1
2614.46
2562.6
2512.25
2464.79
2418.14
2374.04
2329.45
2286.58
2245.68
2207.02
2170.08
2135.34
2101.81
2070.42
2041.02
2013.33
1987.72
1964.25
1942.3
1921.1
1901.91
1884.52
1868.59
1854.46
1841.96
1830.04
1820.3
1811.27
1805
1799.04
1794.97
1792.56
1793.78
1795.18
1799.28
1804.18
1809.18
1813.21
1821.56
1828.27
1834.88
1843.67
1852.39
1858.98
1864.9
1869.62
1873.2
1874.86
1873.14
1870.02
1864.22
1855.24
1842.98
1827.32
1808.83
1787.82
1764.51
1738.84
1711.19
1682.05
1651.82
1620.75
1588.6
1554.8
1519.74
1482.29
1445.94
1408.7
1370.62
1331.79
1292.24
1252.09
1211.42
1170.42
1129.22
1087.95
1046.75
1005.81
965.319
925.368
886.136
847.792
810.479
774.291
739.36
705.807
673.735
643.194
614.236
586.844
560.996
536.623
513.689
492.032
471.51
452.017
433.516
415.885
399.323
383.556
368.373
354.076
340.323
327.733
316.126
305.712
296.336
287.179
277.585
268.057
258.973
249.26
239.771
230.828
221.92
212.757
203.848
195.578
187.24
179.652
172.113
164.626
157.713
151.086
144.704
138.567
132.587
126.964
121.368
116.189
110.999
106.046
101.302
96.784
92.4427
88.274
84.2774
80.4466
76.7802
73.2726
69.9113
66.6911
63.6153
60.6889
57.926
55.3213
52.9612
50.6572
49.1348
148.452
159.121
181.223
216.835
260.421
308.638
359.37
413.547
473.219
536.253
604.739
675.526
750.455
826.366
903.616
980.968
1058.4
1133.35
1208.18
1278.1
1343.68
1403.05
1457.34
1505.37
1547.48
1584.61
1613.88
1642.02
1657.7
1680.91
1696.69
1704.98
1705.1
1703.59
1704.44
1697.81
1700.21
1681.43
1668.38
1656.37
1645
1633.21
1621.77
1609.07
1596.88
1585.39
1573.96
1563.43
1553.93
1544.46
1534.01
1524.84
1516.94
1509.24
1503.27
1498.79
1493.08
1495.73
1491.32
1496.7
1493.19
1495.43
1498.5
1513.55
1517.71
1533.49
1545.24
1552.6
1559.84
1580.72
1590.78
1602.98
1624.49
1641.82
1654.47
1668.33
1681.82
1695.9
1707.56
1713.15
1719.63
1723.05
1723.12
1719.46
1711.97
1701.18
1687.16
1670.16
1649.55
1626
1600.17
1572.41
1543.36
1513.12
1481.06
1447.75
1410.45
1373.5
1335.66
1296.85
1257.2
1216.83
1175.91
1134.65
1093.21
1051.76
1010.45
969.436
928.868
888.941
849.726
811.351
773.929
737.586
702.414
668.506
635.94
604.77
575.047
546.782
519.979
494.612
470.664
448.101
426.814
406.66
387.615
369.704
352.799
337.198
322.513
308.536
295.498
282.79
271.631
261.856
253.993
246.51
239.208
231.174
223.487
216.008
208.411
200.934
193.502
186.792
179.614
172.59
165.819
159.468
153.379
147.538
141.704
136.124
130.773
125.491
120.304
115.519
110.689
105.951
101.682
97.1708
93.0027
88.9041
85.0063
81.2086
77.5244
73.9768
70.5532
67.2499
64.0664
60.9904
58.0222
55.1647
52.4234
49.8149
47.3392
45.0769
42.9022
41.3519
26.0058
25.2245
26.3582
29.0482
32.5024
36.6
41.417
47.1295
53.8712
61.699
70.6865
80.7241
91.965
104.412
118.295
133.531
150.463
168.734
188.904
210.549
234.14
259.095
285.872
313.947
343.425
374.239
405.631
438.477
471.055
504.355
538.901
574.044
608.888
642.452
675.475
706.809
736.261
763.438
788.359
811.602
833.425
852.583
872.3
884.27
903.956
921.655
934.114
943.396
954.676
964.507
968.622
985.784
997.491
1006.87
1016.7
1022.32
1024.28
1028.28
1034.88
1044.03
1054.51
1066.51
1080.27
1096.41
1113.46
1132.33
1151.81
1172.09
1191.51
1214.77
1237.2
1260.53
1285.71
1311.96
1336.52
1361.82
1386.37
1409.79
1432.12
1451.23
1473.1
1489.32
1500.5
1508.53
1511.19
1511.06
1507.96
1501.55
1490.9
1476.26
1458.62
1437.78
1415.04
1390.79
1364.45
1336.91
1303.25
1268.64
1232.95
1195.94
1157.83
1118.84
1079.22
1039.22
999.058
958.905
918.935
879.311
840.192
801.729
764.02
727.148
691.196
656.25
622.394
589.703
558.253
528.072
499.222
471.726
445.639
420.983
397.774
375.998
355.567
336.363
318.413
301.759
286.222
272.177
259.138
246.859
235.47
224.073
214.953
207.515
202.077
196.623
190.715
184.755
178.877
173.194
167.514
161.973
156.441
151.321
146.175
141.094
136.105
131.374
126.865
122.438
118.041
114.093
110.079
105.964
101.765
97.8902
94.057
90.399
86.8323
82.9915
79.3033
75.8662
72.6616
69.4138
66.2273
63.1545
60.1613
57.2404
54.4022
51.6327
48.9469
46.3398
43.8144
41.3914
39.0745
36.9396
34.9181
33.3613
3.81804
3.39512
3.17742
3.23004
3.46398
3.84104
4.33177
4.92567
5.60988
6.38783
7.26187
8.23777
9.33992
10.6001
12.0484
13.7059
15.6032
17.7775
20.2666
23.0922
26.2878
29.8725
33.8819
38.3323
43.2487
48.6664
54.5822
61.0699
68.1119
75.7648
84.0809
93.1109
102.888
113.417
124.708
136.779
149.509
162.927
176.882
191.417
206.592
222.095
238.143
254.511
272.083
290.232
308.504
326.485
344.979
363.37
381.306
399.205
417.479
435.156
453.351
471.33
488.477
505.449
522.79
540.93
559.682
579.309
599.892
621.926
644.782
669.116
694.089
720.403
746.989
775.523
804.65
835.053
866.639
899.447
932.01
965.328
998.832
1031.91
1064.43
1095.56
1125.69
1153.83
1179.14
1200.57
1219.7
1234.78
1245.14
1253.57
1254.57
1252.39
1246.89
1237.27
1225.24
1211.17
1194.59
1177.07
1151.16
1122.44
1092.21
1060.05
1026.33
991.385
955.57
919.165
882.4
845.47
808.574
771.879
735.557
699.728
664.5
629.954
596.16
563.199
531.152
500.113
470.197
441.471
414.033
387.953
363.337
340.27
318.738
298.75
280.176
262.926
247.047
232.54
219.159
207.331
196.495
186.366
176.906
167.322
160.248
156.141
152.587
148.419
144.381
140.325
136.29
132.345
128.455
124.708
120.938
117.431
114.007
110.672
107.329
104.116
101.06
98.1067
95.1818
92.2664
89.7509
86.6574
83.4556
80.7823
77.7647
74.6986
72.0244
68.906
65.885
62.9891
60.302
57.5313
54.7883
52.1866
49.625
47.0943
44.6105
42.1519
39.77
37.4368
35.1482
32.9354
30.8032
28.8217
26.9748
25.4419
0.586515
0.470074
0.331908
0.245586
0.213501
0.221765
0.260091
0.323036
0.404783
0.500489
0.607616
0.725051
0.852736
0.991961
1.1429
1.3064
1.48265
1.67617
1.89068
2.13197
2.40457
2.71479
3.06811
3.4717
3.93179
4.45734
5.05654
5.73936
6.51649
7.39627
8.38885
9.51331
10.7872
12.2218
13.8214
15.5976
17.5583
19.7346
22.1266
24.7392
27.5934
30.6853
34.0599
37.7106
41.7312
46.1312
50.9376
56.1319
61.7874
67.9226
74.5342
81.7167
89.5015
97.863
106.853
116.667
127.414
139.001
151.213
164.201
178.115
193.066
209.111
226.397
244.884
264.556
285.251
307.501
331.219
356.579
383.486
412.103
442.215
473.946
506.902
541.173
576.609
612.843
649.69
686.766
723.717
759.828
794.571
827.112
857.476
885.041
909.083
929.487
948.364
959.884
969.005
971.758
972.899
971.544
967.623
963.08
948.826
929.54
907.883
883.634
857.324
829.373
800.152
769.942
738.973
707.458
675.605
643.608
611.637
579.824
548.282
517.13
486.47
456.435
427.152
398.782
371.5
345.444
320.765
297.543
275.903
255.911
237.484
220.614
205.131
190.935
178.087
166.533
155.991
146.878
138.624
130.842
123.623
116.028
111.893
109.967
107.592
105.136
102.698
100.303
97.9081
95.547
93.2178
90.9951
88.7647
86.6591
84.6296
82.7288
80.7675
78.8636
77.0224
75.2928
73.5748
71.8551
70.1283
68.2026
66.0752
64.34
62.2743
59.9048
57.8332
55.2704
53.0341
50.618
48.302
45.9525
43.7131
41.531
39.3689
37.1819
35.0571
32.9099
30.8387
28.79
26.7483
24.7656
22.8426
21.04
19.3902
17.9225
0.254236
0.267283
0.230913
0.175496
0.123122
0.080744
0.0481858
0.0249273
0.010518
0.00402581
0.00447336
0.0109477
0.0224112
0.037799
0.0561556
0.0766209
0.0985556
0.121864
0.146618
0.172914
0.200759
0.230246
0.261521
0.294916
0.330813
0.36977
0.412772
0.460108
0.513561
0.573784
0.641457
0.7187
0.807947
0.911073
1.02875
1.16283
1.31716
1.49778
1.70744
1.94817
2.2234
2.53751
2.89725
3.30978
3.77767
4.30701
4.91085
5.59965
6.37675
7.25354
8.24261
9.35431
10.6071
12.0199
13.6162
15.4255
17.4987
19.8661
22.5699
25.6497
29.1907
33.2556
37.939
43.3194
49.5111
56.696
65.063
74.6661
85.5123
97.7353
111.515
126.982
144.242
163.293
184.159
206.952
231.808
258.645
287.334
317.75
349.484
382.272
415.632
449.147
482.306
514.626
545.304
574.103
600.566
623.91
644.112
660.487
674.986
685.567
693.49
702.761
701.619
693.902
682.702
668.587
652.078
633.556
613.322
591.605
568.602
544.531
519.614
494.069
468.086
441.84
415.497
389.26
363.303
337.856
313.128
289.347
266.708
245.354
225.446
207.008
190.114
174.739
160.76
148.145
136.712
126.363
117.168
108.998
101.678
95.4044
89.8517
84.3877
79.3207
74.1884
72.2877
71.6215
70.3702
69.133
67.9405
66.8149
65.7068
64.6068
63.5129
62.4691
61.4293
60.4448
59.4702
58.6254
57.6823
56.7987
55.8949
55.0824
54.2804
53.4119
52.4628
51.3876
50.0464
49.1209
47.7891
46.1225
44.6686
42.7246
41.0399
38.9003
37.2048
35.2822
33.3145
31.5311
29.7296
27.9534
26.1135
24.2187
22.4994
20.7442
18.9639
17.232
15.5463
13.9537
12.5268
11.1836
0.267925
0.310194
0.315902
0.294937
0.262203
0.226181
0.190002
0.155349
0.123519
0.0953304
0.07119
0.0513454
0.0357142
0.0238521
0.0151708
0.00913489
0.00525248
0.00309126
0.00230018
0.00259665
0.00371961
0.00544205
0.00756251
0.00990912
0.0123561
0.0148135
0.0172313
0.0195857
0.0219049
0.0242247
0.0265361
0.0289329
0.0316147
0.03473
0.0383359
0.0425
0.0476362
0.0543629
0.0630585
0.0740335
0.0876274
0.104483
0.125354
0.151051
0.181773
0.218231
0.262201
0.315387
0.378342
0.45246
0.540229
0.643596
0.765259
0.908485
1.07735
1.27526
1.51082
1.78906
2.12033
2.51063
2.97753
3.53077
4.19523
4.98672
5.94282
7.09659
8.51102
10.2352
12.3426
14.8985
18.0134
21.7823
26.3361
31.8259
38.4609
46.3559
55.6009
66.3801
78.7962
93.0409
109.043
126.886
146.333
167.478
189.95
213.663
237.919
262.649
287.057
310.958
333.56
354.574
374.201
391.575
408.437
423.975
437.474
438.13
436.61
432.515
426.176
417.733
407.314
395.06
381.133
365.73
349.091
331.441
313.023
294.058
274.809
255.539
236.473
217.896
200.017
183.066
167.161
152.391
138.844
126.507
115.374
105.389
96.4301
88.4638
81.3418
75.0117
69.4683
64.6017
60.3244
56.6463
53.4115
50.2085
47.0867
44.0509
43.3064
43.1867
42.6057
42.1119
41.6987
41.3504
41.0531
40.7591
40.4755
40.2073
39.9458
39.7122
39.4501
39.2814
38.9913
38.7877
38.5014
38.2823
38.0596
37.75
37.3181
36.8019
36.0754
35.5497
34.7626
33.9143
32.8419
31.546
30.2196
28.7125
27.1769
25.7492
24.0861
22.5005
21.1033
19.5106
18.096
16.5359
15.0708
13.624
12.1235
10.6977
9.28964
7.9567
6.79668
5.65146
0.282973
0.3224
0.339863
0.337348
0.321811
0.298979
0.272127
0.243204
0.213873
0.185587
0.15943
0.136027
0.115573
0.0979259
0.0828522
0.0701327
0.0595697
0.050925
0.0439674
0.0384843
0.0342541
0.031057
0.028695
0.0269727
0.0257202
0.0247926
0.0240733
0.0234498
0.0228819
0.0222767
0.0215921
0.0207916
0.0198548
0.0187862
0.017622
0.0163587
0.0149607
0.0134665
0.011983
0.0106001
0.0094188
0.0085593
0.00813214
0.00825127
0.00906398
0.0107664
0.0135253
0.0174628
0.0227129
0.0295231
0.0381017
0.0487505
0.0617794
0.0775115
0.0963
0.118547
0.145102
0.176563
0.214078
0.258397
0.311445
0.374196
0.449475
0.539097
0.647723
0.779836
0.944057
1.14816
1.40406
1.72417
2.12867
2.63794
3.28242
4.09679
5.13478
6.44994
8.10907
10.1966
12.7942
16.0338
19.9768
24.8331
30.6235
37.6154
45.6136
54.9787
65.2615
76.9945
89.2835
102.933
116.512
130.97
145.059
159.057
172.896
188.771
204.233
212.23
215.19
217.19
217.809
216.845
214.242
210.03
204.293
197.18
188.885
179.604
169.58
158.998
148.109
137.147
126.283
115.768
105.71
96.3245
87.579
79.5742
72.3408
65.8638
60.0906
55.0222
50.5115
46.5926
43.1748
40.1901
37.6056
35.3432
33.3985
31.6007
30.0867
28.4942
26.7463
25.0386
24.6796
24.6598
24.4252
24.2874
24.2328
24.2385
24.2844
24.3343
24.4104
24.5066
24.6081
24.7428
24.8498
24.9914
25.0493
25.156
25.1649
25.27
25.3269
25.2932
25.151
24.9293
24.5723
24.2104
23.8912
23.3737
22.5926
21.7659
20.7478
19.6358
18.4895
17.4365
16.1336
14.8403
13.6673
12.4765
11.3413
10.0953
8.96962
7.79343
6.62838
5.52353
4.46772
3.46766
2.63157
1.82359
0.271204
0.300719
0.317793
0.322258
0.316725
0.304058
0.286571
0.266076
0.244089
0.221919
0.200511
0.180461
0.162034
0.145368
0.13054
0.11759
0.106494
0.0971292
0.089362
0.0830207
0.0779417
0.073988
0.0709595
0.0687204
0.0671416
0.0660887
0.0654526
0.065157
0.0651117
0.0652411
0.0654882
0.0657669
0.0660553
0.0663192
0.0665634
0.0667112
0.0667435
0.0666416
0.0663324
0.066048
0.0654631
0.0648355
0.064192
0.0635775
0.0630875
0.0628038
0.0627825
0.0629891
0.0635584
0.0645113
0.0659965
0.0679611
0.0705261
0.0735728
0.0772587
0.0815718
0.0866194
0.0927185
0.0997635
0.107791
0.11697
0.127319
0.139177
0.152627
0.168378
0.186665
0.208644
0.235084
0.267372
0.30679
0.355675
0.416159
0.49198
0.587228
0.709071
0.864406
1.06412
1.31995
1.64952
2.07333
2.61501
3.31309
4.19596
5.33755
6.73617
8.53154
10.6418
13.3263
16.3177
20.0919
24.0492
28.9425
33.9827
39.7372
45.8005
52.4914
60.9204
66.1258
70.4394
73.8256
76.3801
78.1124
78.9945
79.0031
78.1501
76.484
74.0934
71.0584
67.539
63.6257
59.5216
55.3145
51.1353
47.098
43.2625
39.7226
36.4495
33.528
30.9123
28.66
26.7341
25.0357
23.6302
22.4233
21.4232
20.5574
19.8003
19.14
18.5309
17.8863
17.2982
16.6209
15.6747
14.7946
14.5159
14.4467
14.2936
14.1986
14.1635
14.19
14.2585
14.364
14.504
14.662
14.8496
15.0687
15.2531
15.4271
15.5618
15.7114
15.8004
15.9081
16.0021
16.0384
15.996
15.8773
15.6685
15.4147
15.074
14.8186
14.2882
13.6874
12.9889
12.2117
11.3751
10.5922
9.68889
8.68405
7.77528
6.92423
6.07625
5.24243
4.42964
3.63172
2.88237
2.18659
1.54031
0.985478
0.545549
0.226512
0.2441
0.264268
0.277525
0.28323
0.282168
0.275572
0.26491
0.251515
0.236461
0.220605
0.204666
0.189164
0.174482
0.1609
0.148616
0.137757
0.128311
0.120231
0.113412
0.107753
0.103197
0.0996064
0.0969039
0.0949664
0.0936852
0.0929678
0.0927485
0.0929256
0.0934453
0.0942157
0.095173
0.0962554
0.0974251
0.0986171
0.0998382
0.100995
0.102092
0.103031
0.103865
0.104498
0.104946
0.105223
0.105361
0.105378
0.105313
0.105225
0.10512
0.105024
0.104939
0.104926
0.105155
0.105305
0.105778
0.105925
0.10621
0.106437
0.106858
0.107207
0.107575
0.108375
0.109177
0.110068
0.111156
0.112483
0.114067
0.116148
0.118795
0.12233
0.126799
0.132388
0.139457
0.148156
0.159129
0.172697
0.189759
0.210874
0.237039
0.269383
0.309501
0.359025
0.419676
0.494832
0.587825
0.704306
0.848275
1.03278
1.25819
1.55252
1.90231
2.35969
2.88765
3.57535
4.37068
5.35069
6.46238
7.66552
9.34014
11.1487
12.5387
13.8458
14.9962
15.9756
16.7602
17.3256
17.6532
17.7554
17.64
17.3341
16.8826
16.3009
15.6767
15.0014
14.3468
13.7143
13.1637
12.674
12.276
11.9687
11.7531
11.6374
11.5798
11.5327
11.5698
11.5936
11.6405
11.6695
11.6669
11.7267
11.6708
11.4822
11.3289
11.0411
10.5485
10.235
10.0397
9.87616
9.66728
9.47714
9.32193
9.20943
9.1356
9.12281
9.1315
9.25991
9.36063
9.48657
9.54012
9.60154
9.67161
9.73654
9.75828
9.76452
9.75334
9.70852
9.62102
9.47777
9.28174
9.02632
8.73476
8.43218
8.04687
7.60965
7.11952
6.58638
6.03619
5.4892
4.90403
4.27478
3.70918
3.21059
2.75119
2.31855
1.9355
1.61067
1.35425
1.1716
1.08443
1.09955
1.1803
1.54298
0.214546
0.227938
0.237469
0.242402
0.242841
0.239299
0.232646
0.22376
0.213336
0.201981
0.190266
0.17863
0.167436
0.156938
0.147347
0.138764
0.131206
0.124643
0.119042
0.11437
0.110567
0.107613
0.105421
0.103903
0.102997
0.102618
0.102692
0.103167
0.103956
0.105025
0.106272
0.107692
0.109209
0.11078
0.112376
0.113945
0.115496
0.116938
0.118224
0.119368
0.120349
0.121175
0.121825
0.122301
0.122629
0.12282
0.122902
0.122836
0.122707
0.122432
0.122125
0.121651
0.121215
0.120429
0.119746
0.118521
0.117569
0.115738
0.113964
0.111845
0.109148
0.106807
0.10426
0.101571
0.0987936
0.0960485
0.0931415
0.090704
0.0884203
0.0865842
0.085117
0.0842382
0.0840956
0.0848499
0.0866726
0.0897078
0.0938435
0.0997873
0.106826
0.11616
0.126575
0.139036
0.152413
0.167609
0.184875
0.203371
0.221617
0.240331
0.255229
0.27006
0.283507
0.298045
0.314539
0.340673
0.379114
0.414069
0.462792
0.539163
0.648381
0.771453
0.907517
1.05262
1.20467
1.36275
1.52491
1.69852
1.88223
2.08471
2.30771
2.55474
2.83259
3.1287
3.45905
3.8067
4.19706
4.61462
5.07025
5.54653
6.00575
6.46232
6.89099
7.249
7.64317
7.92402
8.16993
8.41638
8.64337
8.8252
8.93021
8.94921
8.83585
8.71843
8.56844
8.37262
8.13343
7.92245
7.67572
7.42652
7.24203
7.03242
6.84517
6.71817
6.56449
6.48976
6.38881
6.36919
6.31602
6.26808
6.21721
6.15163
6.06042
5.94755
5.81855
5.6702
5.50274
5.30784
5.0871
4.83668
4.56461
4.29231
4.00396
3.70929
3.41377
3.12335
2.84566
2.59697
2.37264
2.1768
2.03068
1.95199
1.94333
2.00774
2.1572
2.40353
2.76343
3.23006
3.828
4.58169
5.31755
6.55725
0.185952
0.194589
0.201072
0.204681
0.205308
0.20316
0.198746
0.192635
0.185269
0.177107
0.168561
0.159981
0.151595
0.143623
0.136243
0.129555
0.123593
0.118366
0.113868
0.110093
0.107017
0.104627
0.102861
0.101673
0.100988
0.100767
0.100928
0.10143
0.102219
0.10324
0.10447
0.105861
0.107332
0.108897
0.110467
0.112098
0.113649
0.115148
0.116528
0.1178
0.118964
0.119993
0.120879
0.12158
0.122164
0.122561
0.122864
0.122955
0.122974
0.122732
0.122463
0.121912
0.121216
0.120251
0.119126
0.117581
0.116008
0.113886
0.111728
0.108705
0.105035
0.101238
0.0974598
0.0932626
0.0889832
0.084469
0.079365
0.0756262
0.0715261
0.0669378
0.062358
0.0579965
0.0540906
0.0508056
0.048276
0.0468067
0.0460839
0.0472061
0.0486824
0.0530603
0.0574865
0.064437
0.0719821
0.0824412
0.0959589
0.110786
0.126163
0.142054
0.15313
0.167055
0.18066
0.191201
0.19699
0.200102
0.201436
0.202834
0.198832
0.186233
0.169027
0.156094
0.151362
0.161404
0.190736
0.244006
0.326125
0.441039
0.58844
0.780078
1.01829
1.30212
1.6262
1.9741
2.35887
2.7428
3.21254
3.64613
4.17904
4.62661
5.04232
5.5624
5.99908
6.35588
6.65618
6.89106
7.08098
7.30346
7.49019
7.69316
7.72649
7.71109
7.69036
7.61929
7.453
7.29822
7.07581
6.82977
6.5922
6.35475
6.12575
5.89521
5.67495
5.46085
5.26282
5.07111
4.89891
4.72986
4.57718
4.41813
4.26039
4.09412
3.91227
3.722
3.52786
3.33353
3.14454
2.9617
2.78817
2.62636
2.4818
2.367
2.28749
2.2481
2.2532
2.30709
2.41531
2.58853
2.8285
3.13639
3.51746
3.98302
4.54591
5.21469
6.00472
6.92874
8.01812
9.27152
10.6772
12.3206
13.7877
16.0856
0.157182
0.162187
0.166072
0.168206
0.168485
0.166968
0.163953
0.159764
0.154681
0.148974
0.142952
0.136831
0.130767
0.124904
0.119391
0.114333
0.109784
0.105745
0.102235
0.0992492
0.0967958
0.0948455
0.09339
0.0923601
0.0917368
0.0914599
0.0915105
0.0918091
0.092354
0.0930972
0.0940321
0.0950763
0.0962531
0.0974762
0.0987781
0.100062
0.101366
0.10259
0.103768
0.104861
0.105908
0.106845
0.107691
0.1084
0.109008
0.10949
0.109871
0.110107
0.110209
0.110181
0.109959
0.109589
0.108995
0.108176
0.10716
0.105835
0.104411
0.102456
0.100338
0.0978897
0.0947082
0.0913069
0.0874632
0.0836038
0.0797896
0.0752521
0.0700733
0.0656941
0.0608939
0.055876
0.0508763
0.0455915
0.0405377
0.0360472
0.0321805
0.029274
0.0271775
0.0268952
0.0266716
0.0292642
0.0341812
0.0414145
0.0483821
0.0590201
0.0731541
0.0896405
0.108903
0.129452
0.152975
0.18044
0.210755
0.243373
0.27815
0.315971
0.355875
0.409128
0.463397
0.527664
0.584754
0.653298
0.714633
0.799677
0.900925
0.996543
1.11292
1.2513
1.39847
1.57631
1.75532
2.01057
2.22589
2.53837
2.88049
3.17039
3.61584
3.99369
4.41837
4.78566
5.13272
5.37808
5.63509
5.8877
6.13412
6.34612
6.52009
6.68638
6.80703
6.95043
7.0108
7.01117
6.95715
6.85188
6.72846
6.56718
6.34869
6.13288
5.89269
5.65043
5.40929
5.167
4.92101
4.68548
4.45141
4.22153
3.9977
3.78051
3.56905
3.36543
3.16887
2.98855
2.82126
2.67276
2.54828
2.45568
2.40552
2.40641
2.46549
2.58915
2.78367
3.05721
3.41474
3.85631
4.38164
4.99038
5.68677
6.47357
7.34812
8.30675
9.34873
10.4815
11.7203
13.0772
14.5713
16.2199
18.0689
20.1413
22.3615
24.9811
27.0268
30.3749
0.130151
0.132653
0.134637
0.135549
0.135331
0.134029
0.131805
0.128861
0.125323
0.121325
0.117071
0.112739
0.108426
0.104197
0.100152
0.0963954
0.0929757
0.0899016
0.0871755
0.0848096
0.0828046
0.0811601
0.0798588
0.0788756
0.0781752
0.0777361
0.0775238
0.0775198
0.0776889
0.0780211
0.0784866
0.0790703
0.0797437
0.0804874
0.0812784
0.0820953
0.0829074
0.0837057
0.0844773
0.0852274
0.0859355
0.0866055
0.087211
0.0877607
0.0882406
0.0886522
0.0890057
0.089242
0.0894259
0.0894476
0.0894136
0.0891896
0.0888288
0.0882804
0.0875901
0.0866636
0.0855853
0.0841995
0.0825546
0.0806798
0.0783282
0.0757908
0.0727442
0.070008
0.0662705
0.062849
0.0589644
0.0549332
0.0504804
0.0459736
0.0412167
0.0367955
0.0323979
0.0282749
0.0246476
0.0217345
0.0196029
0.018291
0.0177965
0.0188647
0.0221776
0.0272415
0.0337599
0.0425221
0.0537246
0.0665785
0.0835249
0.101618
0.123498
0.149218
0.181299
0.213428
0.252361
0.292516
0.341609
0.402454
0.470339
0.542058
0.6238
0.702718
0.806857
0.897851
1.02203
1.13466
1.26909
1.41932
1.56994
1.76326
1.96769
2.19113
2.3901
2.70896
3.04058
3.37125
3.68101
3.9657
4.23625
4.49947
4.75947
5.01297
5.25195
5.47854
5.69249
5.88154
6.0468
6.16091
6.31509
6.41328
6.44047
6.41665
6.35885
6.27964
6.15842
6.02253
5.84179
5.6415
5.42252
5.19514
4.95827
4.71638
4.46937
4.22694
3.98164
3.74789
3.52611
3.32697
3.14351
3.00053
2.88958
2.8433
2.84055
2.91378
3.07627
3.32231
3.66907
4.12956
4.71195
5.42132
6.25899
7.22498
8.31693
9.52169
10.8318
12.2356
13.7339
15.3122
16.9665
18.6837
20.46
22.3011
24.2346
26.2609
28.3973
30.6782
33.1412
35.8642
38.6916
42.2582
44.5288
48.8705
0.10594
0.106847
0.107589
0.10765
0.107017
0.105758
0.103963
0.101764
0.0992051
0.0963381
0.0932796
0.090175
0.0870752
0.0840151
0.0810375
0.07823
0.0756291
0.0732561
0.0710933
0.06916
0.0674511
0.065987
0.0647436
0.0637236
0.0628871
0.0622363
0.0617322
0.061384
0.061154
0.0610503
0.0610328
0.0611164
0.0612593
0.0614765
0.061725
0.0620204
0.0623284
0.0626617
0.0629987
0.0633485
0.0636989
0.0640482
0.0643966
0.0647319
0.0650666
0.0653695
0.0656729
0.065922
0.0661691
0.0663313
0.0664744
0.0664935
0.0664673
0.0663122
0.0660655
0.0656748
0.0651486
0.0644329
0.0635356
0.062401
0.0610501
0.0593651
0.0576427
0.0554896
0.0530421
0.0504303
0.0474763
0.0445247
0.0412123
0.0381476
0.0344952
0.0310427
0.0276172
0.0241323
0.021285
0.0184792
0.0161182
0.0143294
0.0136047
0.013711
0.0148415
0.0174019
0.0214705
0.0270816
0.0344964
0.0441162
0.0550529
0.0692905
0.0846918
0.103676
0.126808
0.153726
0.181761
0.216069
0.257956
0.30707
0.355697
0.414499
0.478622
0.561511
0.637356
0.736842
0.846092
0.950718
1.08299
1.2383
1.41188
1.60254
1.80499
2.00644
2.20906
2.41808
2.64933
2.90828
3.17701
3.43358
3.68905
3.94701
4.20911
4.46745
4.72016
4.95883
5.17884
5.37338
5.54046
5.67815
5.78544
5.86109
5.90639
5.91752
5.89756
5.84324
5.7593
5.64118
5.49551
5.32672
5.14163
4.94534
4.74348
4.53578
4.33611
4.14905
3.98448
3.84641
3.7523
3.69852
3.73038
3.81618
4.01948
4.35732
4.80572
5.38657
6.11546
7.00629
8.06919
9.31345
10.737
12.3353
14.0938
15.9991
18.0434
20.1872
22.4272
24.722
27.0758
29.4335
31.8257
34.2084
36.597
39.0004
41.4408
43.8861
46.3729
48.9432
51.5897
54.4526
57.4417
61.6758
63.8533
68.8833
0.0853036
0.0852536
0.0852482
0.0847646
0.0838193
0.0825296
0.0809704
0.0791995
0.0772239
0.0750443
0.0727389
0.0704062
0.0680868
0.0657796
0.0635093
0.0613263
0.0592708
0.0573472
0.0555523
0.0538851
0.0523595
0.0509789
0.0497453
0.0486436
0.0476674
0.0468001
0.0460383
0.0453675
0.0447885
0.0442859
0.0438592
0.0434943
0.0431921
0.0429391
0.0427376
0.0425767
0.042462
0.0423823
0.0423467
0.0423465
0.0423914
0.0424717
0.0425946
0.0427564
0.0429576
0.0431957
0.043466
0.0437689
0.0440936
0.0444306
0.0447753
0.0451043
0.0454249
0.0456996
0.0459436
0.046103
0.0462048
0.046172
0.0460354
0.0457215
0.0452552
0.0445731
0.0437088
0.0426295
0.0413245
0.0398322
0.0381507
0.0362586
0.0341477
0.0319479
0.0295477
0.0270846
0.0245479
0.0220881
0.0196611
0.0173061
0.0152193
0.0134196
0.0120246
0.0110386
0.0107144
0.0111062
0.0124971
0.0150006
0.0187276
0.023909
0.0305452
0.0382918
0.0480978
0.06006
0.0745622
0.0927657
0.113803
0.138742
0.165092
0.19795
0.23854
0.285576
0.333623
0.393821
0.469954
0.556558
0.651385
0.755949
0.874712
1.0064
1.1541
1.31783
1.49776
1.69347
1.9035
2.12691
2.36293
2.61085
2.86593
3.12524
3.38482
3.64149
3.89122
4.13541
4.37333
4.6029
4.81855
5.01558
5.18954
5.3378
5.45933
5.55343
5.61811
5.65319
5.6588
5.63695
5.58874
5.51701
5.42658
5.32426
5.21936
5.12045
5.03751
4.98113
4.96393
5.00019
5.10409
5.29238
5.5808
5.98965
6.53619
7.23818
8.11004
9.16707
10.4234
11.8879
13.561
15.4484
17.5443
19.8496
22.3251
24.9605
27.7104
30.5646
33.5123
36.4699
39.4841
42.4293
45.351
48.1136
50.8781
53.4738
56.0642
58.6167
61.1156
63.4648
65.7947
68.0848
70.3425
72.6865
75.3133
79.8094
81.6715
87.3349
0.0683914
0.0677415
0.0672894
0.0664938
0.0653562
0.0640201
0.0625625
0.0610165
0.0593587
0.0575594
0.0556758
0.0537865
0.0519159
0.0500428
0.0481777
0.0463582
0.0446186
0.0429575
0.0413675
0.0398434
0.0383979
0.0370374
0.0357683
0.03458
0.0334687
0.0324236
0.0314461
0.030528
0.0296732
0.0288733
0.0281313
0.0274386
0.0268015
0.026214
0.0256828
0.0252026
0.02478
0.0244131
0.0241105
0.0238733
0.0237059
0.0236106
0.023591
0.0236521
0.0237922
0.0240148
0.0243148
0.0246948
0.025145
0.0256646
0.0262404
0.0268694
0.0275332
0.0282246
0.0289228
0.0296159
0.0302765
0.0308975
0.0314319
0.0318837
0.0321985
0.0323983
0.0324216
0.0323034
0.0319639
0.0314558
0.0307212
0.0297962
0.0286844
0.0273653
0.0259003
0.02431
0.0226008
0.0206328
0.0186031
0.0165748
0.014603
0.0127416
0.011051
0.00963086
0.0084947
0.0077992
0.00755565
0.00796878
0.00896707
0.0108359
0.0135714
0.0173994
0.0225819
0.0293594
0.037834
0.04837
0.0613196
0.0773719
0.0957215
0.118453
0.14764
0.184314
0.227332
0.278103
0.338638
0.410397
0.493568
0.588189
0.694657
0.814847
0.949742
1.10175
1.27021
1.45702
1.65984
1.87885
2.10942
2.3513
2.60003
2.85595
3.11387
3.37394
3.6322
3.89007
4.14501
4.3952
4.63303
4.85536
5.05836
5.24216
5.40538
5.54956
5.67397
5.78128
5.87285
5.95412
6.02975
6.10809
6.19929
6.3157
6.47322
6.68826
6.97842
7.36098
7.85697
8.48645
9.26743
10.2196
11.3566
12.7008
14.265
16.0544
18.0776
20.3297
22.8249
25.5358
28.4431
31.5469
34.8007
38.1959
41.6026
45.0665
48.4746
51.9053
55.3059
58.5341
61.7931
64.7359
67.5726
70.0158
72.5114
74.5894
76.8134
78.9065
80.8184
82.3159
83.8907
85.3578
86.0822
87.1823
89.2248
94.0172
95.5263
102.312
0.0559588
0.0549346
0.0542048
0.05321
0.0519333
0.0505323
0.0490947
0.047637
0.0461147
0.0444787
0.0427853
0.0411021
0.0394459
0.0377771
0.0361036
0.0344502
0.0328548
0.0313082
0.0298079
0.0283366
0.0269121
0.0255337
0.024218
0.0229507
0.0217388
0.0205676
0.0194475
0.0183668
0.0173386
0.0163534
0.0154238
0.0145386
0.0137102
0.012932
0.0122187
0.0115654
0.0109857
0.0104774
0.0100532
0.00971289
0.00946634
0.00931676
0.00927019
0.00933125
0.00950044
0.00978486
0.0101789
0.0106887
0.0113015
0.0120246
0.0128379
0.0137474
0.0147246
0.0157758
0.0168642
0.0179939
0.0191213
0.0202513
0.0213254
0.022352
0.0232706
0.0240922
0.0247672
0.0252955
0.0256407
0.0257791
0.0257301
0.0254292
0.0249861
0.0242437
0.0233787
0.0221755
0.0207766
0.0191841
0.0174551
0.0156201
0.0137499
0.0118501
0.0100146
0.00826997
0.00670017
0.0053565
0.00429907
0.00361135
0.00337349
0.00368986
0.00468021
0.00646556
0.00916271
0.013003
0.0182848
0.0253935
0.0341493
0.0457614
0.0607082
0.0797155
0.103596
0.133263
0.169746
0.214051
0.267775
0.332107
0.407964
0.496271
0.598262
0.714772
0.847031
0.995146
1.16019
1.34169
1.54119
1.75759
1.99127
2.2396
2.50252
2.77667
3.06114
3.35269
3.64999
3.9528
4.26116
4.5727
4.88384
5.19431
5.50369
5.81447
6.12909
6.45247
6.78922
7.14692
7.53372
7.96142
8.44288
8.99374
9.63555
10.3828
11.265
12.2979
13.512
14.9169
16.5445
18.3975
20.4951
22.8407
25.4369
28.2984
31.4066
34.7294
38.2863
41.9854
45.9016
49.845
53.902
58.0347
62.0979
66.0731
69.6806
73.2492
76.4774
79.6969
82.5189
85.0359
87.6112
89.4873
91.1551
92.2517
93.6165
93.7264
95.0019
96.1146
96.8226
97.2162
97.9147
97.4035
98.0363
97.9929
99.396
104.042
105.646
114.038
0.0498349
0.0485885
0.0476845
0.0465522
0.0451728
0.0437243
0.0422822
0.0408391
0.0393419
0.0377534
0.0361212
0.0345042
0.0329082
0.0313032
0.0296919
0.0280972
0.0265417
0.0250193
0.0235262
0.0220564
0.0206212
0.0192226
0.0178705
0.0165586
0.0152891
0.0140545
0.0128631
0.0117121
0.0106096
0.00955166
0.00854845
0.00759767
0.00670804
0.00587783
0.00511868
0.00443187
0.00382762
0.00330882
0.00288592
0.00256367
0.00234985
0.00224903
0.00226613
0.0024065
0.00267169
0.00306564
0.00358373
0.00422971
0.00499207
0.00587357
0.00685328
0.00793501
0.00908987
0.0103194
0.0115825
0.0128797
0.0141655
0.0154407
0.0166507
0.0177941
0.0188112
0.0196984
0.0204122
0.020941
0.0212537
0.0213106
0.0211727
0.0207332
0.0200904
0.0190936
0.0178529
0.0164227
0.0148014
0.0130553
0.0112146
0.00933512
0.00748918
0.00571021
0.00409084
0.00267355
0.00153323
0.000714791
0.000277132
0.000288293
0.000803844
0.00190969
0.00367912
0.00617922
0.00962035
0.0143012
0.0205752
0.0288023
0.0394026
0.0529119
0.0700511
0.091593
0.118456
0.151312
0.191161
0.239215
0.297035
0.365711
0.44656
0.540487
0.649312
0.77394
0.91625
1.07645
1.25678
1.45733
1.68084
1.92786
2.19918
2.49471
2.81495
3.16034
3.5304
3.92608
4.3474
4.7988
5.2812
5.79797
6.35032
6.94339
7.58273
8.27705
9.0361
9.8713
10.7956
11.8234
12.9704
14.2551
15.6936
17.3074
19.1261
21.1476
23.4221
25.9235
28.7138
31.7407
35.0739
38.612
42.4266
46.4578
50.7104
55.186
59.7318
64.3467
69.1373
73.779
78.5908
82.8687
87.247
91.4544
95.1272
98.1654
100.596
103.032
104.444
106.208
107.559
108.585
110.338
110.354
111.075
110.387
109.873
109.341
109.898
109.561
108.698
107.658
106.507
105.657
104.946
104.868
105.409
109.079
111.793
121.86
0.0483934
0.0470183
0.0460104
0.0448086
0.0433729
0.041902
0.04045
0.0390035
0.0374933
0.0359141
0.034293
0.032695
0.0311012
0.0295109
0.0279018
0.0263177
0.0247527
0.0232314
0.0217174
0.0202353
0.0187663
0.0173488
0.0159571
0.014619
0.0133035
0.0120412
0.0108039
0.00962506
0.00847933
0.00740094
0.00636504
0.00540433
0.00449689
0.00367449
0.00291874
0.00225891
0.00168041
0.00120833
0.000833543
0.000575799
0.000431453
0.000411377
0.000517248
0.000749848
0.00111614
0.00160452
0.0022273
0.00295988
0.00381777
0.00476359
0.00581972
0.00693263
0.00812629
0.00933501
0.0105859
0.0118006
0.013002
0.0141054
0.0151289
0.0159983
0.0167182
0.0172628
0.0176047
0.0177515
0.0176322
0.01724
0.0166242
0.0157602
0.0147045
0.0134539
0.0120808
0.010634
0.00917815
0.0077836
0.00652109
0.00549005
0.0047557
0.00439055
0.00445531
0.00500972
0.00612514
0.0078828
0.010338
0.013596
0.0175842
0.0226578
0.0289531
0.0366502
0.0460735
0.0576228
0.0717758
0.0889728
0.109824
0.135041
0.165579
0.202416
0.246517
0.299152
0.361156
0.434143
0.520181
0.620808
0.737836
0.873068
1.02893
1.20749
1.41125
1.64264
1.90401
2.1993
2.53196
2.9061
3.32473
3.79254
4.31312
4.89319
5.53551
6.2491
7.03736
7.91272
8.87992
9.9499
11.1301
12.4307
13.866
15.446
17.1903
19.1079
21.2198
23.5354
26.072
28.8425
31.8508
35.1182
38.6612
42.4287
46.5254
50.7764
55.3667
60.0555
65.0637
70.0065
75.2153
80.4417
85.7629
91.2142
96.1916
101.084
106.2
109.862
114.596
116.914
121.146
124.259
126.494
128.137
128.968
129.912
130.704
130.057
129.454
128.552
127.784
126.451
125.077
123.377
121.653
119.639
118.105
116.529
114.834
113.355
111.998
109.862
108.485
107.907
108.771
112.594
115.917
127.428
0.0499297
0.0484642
0.047387
0.0461212
0.0446379
0.0431236
0.0416302
0.0401266
0.0385557
0.0369017
0.035207
0.033526
0.0318552
0.0301729
0.0284722
0.0267802
0.025112
0.0234733
0.0218497
0.0202457
0.0186655
0.0171281
0.015629
0.0141744
0.0127572
0.0113907
0.0100708
0.00881205
0.00761083
0.00648376
0.00542894
0.00446339
0.00358606
0.00281379
0.00214856
0.00160413
0.00118329
0.000898434
0.000754751
0.000762408
0.00092651
0.00125335
0.00174854
0.00241247
0.00324912
0.004253
0.00542702
0.00675525
0.00824136
0.00986319
0.011619
0.0134938
0.0154736
0.0175418
0.0196923
0.0219154
0.0242029
0.0265288
0.0288422
0.0310618
0.0331433
0.0351152
0.0369697
0.0387035
0.0403196
0.0418417
0.043319
0.0448072
0.046338
0.047968
0.0497666
0.0518382
0.0542277
0.0570783
0.0603869
0.0644598
0.0692469
0.0748131
0.0812431
0.0887513
0.0984339
0.109981
0.123589
0.139573
0.158131
0.179655
0.204759
0.233781
0.267451
0.306565
0.351834
0.404137
0.464564
0.534412
0.615174
0.708509
0.81644
0.940538
1.08301
1.24637
1.43417
1.64956
1.89651
2.17881
2.50171
2.86963
3.28871
3.76376
4.30244
4.91056
5.59898
6.37312
7.2438
8.2189
9.3089
10.5261
11.8774
13.3797
15.0356
16.8675
18.8769
21.0796
23.4862
26.097
28.9404
31.9977
35.3142
38.8566
42.6711
46.7192
51.0324
55.5863
60.3666
65.4014
70.6384
75.9911
81.6855
87.2131
93.1275
98.7236
104.706
110.104
115.849
121.301
126.512
131.904
135.061
139.619
143.464
146.596
149.67
150.857
153.217
153.142
152.87
152.204
151.06
149.528
148.01
145.987
143.74
141.297
138.961
136.361
133.765
131.049
128.429
125.765
123.478
121.308
119.114
117.163
115.421
113.168
111.415
110.407
111.306
114.661
118.667
132.819
0.0524725
0.0507445
0.049466
0.0480269
0.0463759
0.0446536
0.0429263
0.0411411
0.039278
0.0373089
0.0353069
0.0332916
0.0312957
0.02927
0.0272505
0.0252309
0.0232689
0.0213324
0.0194568
0.01761
0.0158536
0.0141629
0.0125906
0.0111006
0.00974875
0.00850504
0.00742662
0.00648782
0.00574816
0.00518767
0.0048611
0.00475237
0.00491297
0.00534177
0.00607399
0.00711093
0.00848565
0.0102106
0.0123175
0.0148247
0.0177482
0.0211078
0.0249075
0.0291815
0.0339281
0.0391886
0.0449398
0.0512528
0.0580553
0.0654358
0.0733142
0.0817687
0.0907423
0.100263
0.110246
0.120813
0.132029
0.144086
0.15694
0.170639
0.185025
0.200067
0.215557
0.231464
0.247597
0.264191
0.281056
0.298675
0.316648
0.33575
0.355468
0.3769
0.399025
0.423516
0.448823
0.477728
0.507713
0.543128
0.579
0.624374
0.675456
0.733097
0.79839
0.872256
0.955672
1.04958
1.15514
1.2736
1.4067
1.55531
1.72141
1.90661
2.11398
2.34555
2.60513
2.89565
3.22292
3.5896
4.00159
4.46385
4.98612
5.57318
6.23551
6.97801
7.81399
8.74777
9.7941
10.9552
12.2488
13.6761
15.2592
16.9953
18.9029
20.9859
23.2579
25.7303
28.4044
31.3027
34.4081
37.7577
41.3281
45.1391
49.1954
53.4677
58.0171
62.7405
67.7669
72.9405
78.398
83.9666
89.7661
95.6672
101.689
107.878
113.991
120.08
126.451
132.149
138.342
143.539
149.482
153.729
159.261
162.617
166.727
171.021
173.555
175.675
177.305
177.617
178.571
177.217
176.502
174.567
172.219
169.583
166.681
163.543
160.48
157.2
153.754
150.236
146.772
143.302
139.899
136.55
133.378
130.329
127.543
125.002
122.561
120.428
118.493
116.635
114.767
113.425
113.659
118.121
122.035
138.837
0.0528295
0.050101
0.047835
0.0454678
0.0428923
0.0402411
0.0375804
0.0349035
0.0321984
0.0294897
0.0268547
0.024362
0.0220397
0.0198977
0.0179709
0.0163091
0.014958
0.0139492
0.0133094
0.0130793
0.0132978
0.0140195
0.0152765
0.0171154
0.0195735
0.0227055
0.0265507
0.0311685
0.0366081
0.042938
0.0502252
0.0585268
0.0679287
0.0784711
0.0902347
0.103235
0.117531
0.133206
0.150346
0.169054
0.189411
0.211485
0.235329
0.260997
0.288583
0.318164
0.349819
0.383663
0.419934
0.458685
0.5
0.54389
0.590684
0.640502
0.693165
0.748145
0.805327
0.865047
0.927716
0.99437
1.06481
1.13941
1.21771
1.29786
1.38497
1.47532
1.56847
1.6654
1.76563
1.87056
1.98015
2.0951
2.21822
2.34055
2.47591
2.62712
2.78817
2.96217
3.1514
3.35966
3.5891
3.84142
4.1191
4.42383
4.75772
5.1216
5.5179
5.94787
6.41678
6.92404
7.47552
8.07458
8.73175
9.44992
10.2415
11.1111
12.0753
13.1363
14.3077
15.5946
17.0198
18.5791
20.2938
22.156
24.1914
26.3858
28.7662
31.3081
34.0442
36.9437
40.0564
43.3278
46.7949
50.4406
54.2817
58.3159
62.5351
66.9711
71.5706
76.4085
81.4066
86.6175
92.0185
97.5648
103.353
109.168
115.284
121.341
127.642
133.809
140.127
146.295
152.484
158.706
164.43
170.122
175.923
180.65
185.779
189.313
193.922
197.179
200.433
202.35
203.959
204.744
205.295
204.241
203.068
201.118
199.312
196.466
193.576
190.01
186.016
181.78
177.444
173.014
168.685
164.454
160.244
156.125
152.094
148.209
144.468
140.889
137.525
134.402
131.513
128.933
126.52
124.437
122.549
120.927
119.322
118.094
117.918
122.565
126.708
146.482
0.0329954
0.0294072
0.0269201
0.0248468
0.0230071
0.0216833
0.021104
0.0214056
0.0226465
0.0249613
0.0284818
0.0333634
0.0396874
0.0475854
0.0571596
0.0685548
0.0818662
0.0972313
0.114783
0.134652
0.156982
0.181902
0.209537
0.240069
0.273675
0.310537
0.350791
0.394598
0.442131
0.493573
0.549135
0.609032
0.673528
0.742816
0.817166
0.896708
0.98164
1.07214
1.16853
1.27102
1.37994
1.49559
1.61836
1.7484
1.886
2.03139
2.18487
2.3463
2.51634
2.69555
2.88458
3.0829
3.29029
3.50907
3.74221
3.98921
4.24929
4.51934
4.79872
5.08841
5.39048
5.70796
6.04149
6.39182
6.76127
7.14967
7.5562
7.98049
8.42227
8.88192
9.35985
9.85627
10.3731
10.9103
11.4722
12.0643
12.6868
13.3452
14.0425
14.7836
15.5722
16.4111
17.3036
18.2499
19.2524
20.3062
21.4147
22.5784
23.8155
25.123
26.5284
28.0429
29.7047
31.5137
33.5054
35.6753
38.0583
40.6313
43.412
46.3852
49.5725
52.9246
56.473
60.1563
64.019
67.9843
72.1082
76.2971
80.6345
85.0121
89.5652
94.1158
98.7869
103.517
108.367
113.297
118.342
123.521
128.783
134.233
139.744
145.409
151.18
157.01
162.996
168.824
174.928
180.7
186.647
192.213
197.865
203.127
208.432
213.488
217.714
221.538
225.829
228.158
231.005
232.936
234.398
234.878
235.48
234.771
233.649
231.663
229.39
226.305
222.894
218.821
214.772
210.222
205.563
200.578
195.371
190.07
184.802
179.635
174.629
169.905
165.37
161.08
156.951
153.071
149.381
145.937
142.694
139.763
137.045
134.686
132.512
130.696
129.033
127.804
126.53
125.731
125.266
130.044
134.177
156.917
0.0702226
0.0926181
0.119797
0.150612
0.186121
0.227546
0.27523
0.329189
0.389682
0.457114
0.531901
0.614339
0.704726
0.803386
0.91082
1.02751
1.15388
1.29015
1.43676
1.59421
1.76317
1.94375
2.13628
2.34094
2.55855
2.78944
3.03437
3.29336
3.56685
3.8552
4.15905
4.47883
4.8148
5.1674
5.53746
5.92539
6.33179
6.75645
7.20073
7.66456
8.14867
8.65309
9.1791
9.7272
10.2983
10.8926
11.5117
12.1553
12.8235
13.5147
14.2324
14.9776
15.7484
16.537
17.3513
18.2028
19.1041
20.0519
21.0445
22.0785
23.1561
24.2805
25.4564
26.6827
27.9661
29.3008
30.6868
32.1113
33.57
35.0537
36.5604
38.0815
39.6239
41.1821
42.7664
44.3871
46.0368
47.7353
49.4684
51.2461
53.0737
54.9586
56.8931
58.8748
60.8987
62.9408
65.0028
67.1039
69.3282
71.6999
74.3155
77.2046
80.4677
84.0508
88.0297
92.3167
96.9342
101.811
106.865
112.054
117.328
122.602
127.9
133.095
138.27
143.262
148.24
153.026
157.846
162.41
167.138
171.578
176.077
180.54
185.049
189.578
194.218
198.938
203.732
208.685
213.604
218.65
223.709
228.812
233.9
238.747
243.702
248.181
252.639
256.644
260.187
263.138
266.192
268.902
270.656
272.106
273.193
273.64
273.241
272.134
270.536
268.165
265.566
261.973
258.078
253.563
248.92
243.75
238.346
232.58
226.841
221.004
215.184
209.336
203.476
197.696
192.05
186.649
181.468
176.673
172.175
168.045
164.144
160.579
157.212
154.18
151.298
148.792
146.448
144.522
142.752
141.384
140.098
139.324
138.47
138.237
137.726
142.372
146.319
172.16
2.02783
2.35642
2.69734
3.04509
3.41067
3.80247
4.2227
4.67195
5.15158
5.66284
6.20684
6.78394
7.39467
8.03903
8.71745
9.43013
10.1781
10.9611
11.7789
12.6314
13.5192
14.4424
15.4011
16.3939
17.4214
18.4835
19.5809
20.7138
21.8817
23.0839
24.3219
25.5954
26.9058
28.2493
29.6306
31.0479
32.5038
33.9952
35.5252
37.0929
38.6995
40.3445
42.0289
43.7507
45.5153
47.3165
49.1599
51.0455
52.9814
54.9572
56.9728
59.0332
61.1746
63.3683
65.6035
67.869
70.2191
72.6662
75.2388
77.9386
80.7611
83.7081
86.7682
89.916
93.1574
96.4348
99.7562
103.056
106.323
109.519
112.642
115.659
118.618
121.474
124.291
127.063
129.772
132.501
135.142
137.775
140.403
143.066
145.689
148.321
150.908
153.375
155.719
158.087
160.688
163.703
167.33
171.565
176.628
182.148
188.423
194.912
201.728
208.723
215.439
222.027
228.075
233.95
239.336
244.299
248.894
252.971
257.011
260.667
264.355
267.431
270.785
273.629
276.784
279.871
282.979
286.29
289.696
293.17
296.812
300.517
304.066
307.613
311.013
314.364
317.173
319.774
321.784
323.807
325.301
326.69
327.618
328.065
327.96
327.548
326.211
324.436
322.014
318.911
315.099
310.696
305.828
300.327
294.733
288.53
282.169
275.468
268.796
261.947
255.092
248.134
241.302
234.615
228.136
221.861
215.774
209.928
204.318
199.062
194.089
189.573
185.412
181.714
178.281
175.282
172.434
170.052
167.705
165.852
164.04
162.756
161.525
160.789
160.032
159.868
159.461
159.884
159.448
163.962
166.994
196.344
27.3928
29.0811
30.8162
32.6422
34.593
36.6613
38.8369
41.1151
43.4949
45.97
48.535
51.1816
53.9057
56.6987
59.5569
62.4708
65.4399
68.4566
71.5218
74.6269
77.7707
80.9487
84.1619
87.4074
90.6825
93.9859
97.3146
100.672
104.054
107.463
110.892
114.349
117.825
121.329
124.847
128.398
131.96
135.56
139.164
142.803
146.45
150.127
153.824
157.532
161.273
165.02
168.798
172.573
176.381
180.228
184.112
187.986
191.903
195.939
200.119
204.36
208.675
213.074
217.629
222.362
227.263
232.306
237.467
242.623
247.814
252.815
257.711
262.293
266.632
270.588
274.278
277.556
280.677
283.415
286.085
288.503
290.796
293.05
295.121
297.174
299.133
301.188
303.141
305.17
307.186
309.036
310.683
312.517
314.769
318.08
322.463
327.87
334.643
341.553
349.839
357.341
365.184
372.925
378.909
384.742
388.738
393.555
396.315
399.051
400.793
402.214
404.084
405.441
406.907
407.426
408.476
409.123
410.682
412.013
413.265
415.244
416.678
418.243
419.873
421.291
421.98
423.067
423.974
425.11
425.206
424.691
423.58
422.109
420.152
417.847
414.829
411.286
407.061
402.502
397.13
391.354
385.036
378.316
371.001
363.293
355.284
346.885
338.423
329.704
321.01
312.317
303.867
295.565
287.499
279.6
272.007
264.741
257.904
251.442
245.39
239.685
234.376
229.468
224.971
220.947
217.384
214.307
211.587
209.343
207.255
205.722
204.145
203.182
202.139
201.805
201.332
201.528
201.431
202.041
202.337
203.351
203.196
207.385
208.687
241.97
454.236
466.677
478.913
491.137
503.302
515.198
526.663
537.637
548.111
558.076
567.536
576.492
584.973
592.982
600.561
607.71
614.471
620.847
626.89
632.608
638.031
643.169
648.048
652.703
657.14
661.393
665.456
669.372
673.127
676.78
680.291
683.735
687.035
690.321
693.465
696.628
699.638
702.707
705.636
708.607
711.49
714.363
717.227
720.023
722.87
725.594
728.419
731.142
733.866
736.523
739.212
741.979
744.619
747.131
749.81
752.645
755.562
758.426
761.297
764.173
767.056
769.889
772.646
775.133
777.487
779.33
780.948
781.991
782.748
782.994
783.12
782.829
782.659
782.197
782.006
781.702
781.592
781.625
781.777
782.134
782.553
783.441
784.332
785.636
787.186
788.671
790.365
791.621
793.332
797.313
802.07
807.587
814.631
819.714
828.369
831.742
839.06
843.907
844.703
849.457
848.893
856.407
852.658
857.196
857.162
861.34
868.154
871.681
875.991
875.482
877.158
879.303
884.184
885.08
886.592
889.237
888.39
888.22
887.605
883.812
879.083
873.196
866.486
858.654
849.58
838.929
827.268
814.239
800.408
785.352
769.504
752.548
734.933
716.544
697.775
678.391
658.879
639.007
619.461
599.78
580.808
561.804
543.932
526.291
509.642
493.523
478.548
464.271
451.054
438.637
427.155
416.67
407.056
398.528
390.684
383.952
377.721
372.705
368.039
364.671
361.524
359.704
357.863
357.457
356.506
357.465
357.373
359.376
360.168
362.96
364.719
368.076
370.508
374.362
377.17
381.669
384.054
392.215
397.243
448.382
0
0
0
0
0
0
0
0
0
0
0
0
0
0
0
0
0
0
0
0
0
0
0
0
0
0
0
0
0
0
0
0
0
0
0
0
0
0
0
0
0
0
0
0
0
0
0
0
0
0
0
0
0
0
0
0
0
0
0
0
0
0
0
0
0
0
0
0
0
0
0
0
0
0
0
0
0
0
0
0
0
0
0
0
0
0
0
0
0
0
0
0
0
0
0
0
0
0
0
0
0
0
0
0
0
0
0
0
0
0
0
0
0
0
0
0
0
0
0
0
0
0
0
0
0
0
0
0
0
0
0
0
0
0
0
0
0
0
0
0
0
0
0
0
0
0
0
0
0
0
0
0
0
0
0
0
0
0
0
0
0
0
0
0
0
0
0
0
0
0
0
0
0
0
0
0
0
0
0
0
127.828
141.983
157.232
169.568
180.328
190.869
201.558
212.609
224.242
236.805
250.394
265.344
281.742
299.984
320.252
342.681
368.188
395.789
428.94
462.662
507.075
549.813
614.847
660.27
786.45
76.0918
58.2109
45.7542
41.0131
38.9908
37.5326
36.6922
36.5528
36.9212
37.631
38.6384
39.9448
41.565
43.4925
45.6706
48.211
51.0164
54.2713
57.8078
61.7034
66.2496
70.9883
76.7251
84.8086
95.1393
52.3729
44.8032
36.396
33.0235
31.3688
29.7019
28.2969
27.392
26.8585
26.5499
26.4363
26.4989
26.7479
27.1411
27.6192
28.2463
28.9347
29.7835
30.6435
31.6182
32.6886
33.799
35.0016
36.4291
33.6803
50.0926
44.9379
37.5681
34.4402
32.9585
31.3456
29.8494
28.7532
27.9755
27.3912
26.9804
26.6975
26.5976
26.6052
26.6632
26.8111
26.964
27.2027
27.3461
27.5965
27.6894
28.0783
27.5315
30.4042
22.9406
51.1043
47.4602
41.0594
37.9969
36.4709
34.8698
33.3639
32.2054
31.3321
30.6432
30.1138
29.7171
29.4658
29.3318
29.2481
29.2343
29.2127
29.2412
29.1817
29.1833
28.972
29.2998
27.7591
31.8857
21.7193
53.0822
50.4615
44.9801
42.002
40.3519
38.7156
37.2058
36.0181
35.094
34.3488
33.7575
33.2979
32.9784
32.7763
32.627
32.5346
32.4324
32.3582
32.1916
32.0981
31.6855
32.1461
29.9655
35.0657
22.6454
55.4924
53.5751
48.9212
46.0639
44.2849
42.5872
41.0568
39.8369
38.8681
38.0805
37.446
36.9477
36.5828
36.3297
36.1346
35.9851
35.8283
35.6831
35.4468
35.2946
34.7262
35.3082
32.5776
38.4162
24.1243
58.1105
56.6673
52.7129
50.0026
48.1284
46.3707
44.8103
43.5521
42.5385
41.7079
41.0318
40.4949
40.0894
39.791
39.5529
39.3513
39.144
38.9356
38.6309
38.4301
37.7107
38.3796
35.1918
41.4832
25.7089
60.8509
59.7057
56.3128
53.7547
51.8182
50.0078
48.4102
47.1056
46.0417
45.1652
44.4472
43.8705
43.4235
43.0772
42.7908
42.5361
42.2757
42.0051
41.6265
41.376
40.5057
41.223
37.6235
44.1587
27.2652
63.634
62.6516
59.6916
57.2758
55.3049
53.4539
51.8182
50.4637
49.3461
48.4195
47.6549
47.033
46.5404
46.1448
45.8074
45.494
45.1744
44.84
44.3819
44.077
43.0566
43.7907
39.8166
46.4411
28.7475
66.3835
65.4621
62.8246
60.5336
58.5494
56.6704
54.9996
53.5951
52.4225
51.4431
50.6285
49.9575
49.4156
48.967
48.5736
48.2
47.8164
47.4148
46.8736
46.5098
45.3417
46.0682
41.7554
48.3627
30.1392
69.0239
68.0897
65.6845
63.4979
61.5149
59.6198
57.9199
56.4691
55.2433
54.2106
53.3444
52.6216
52.0276
51.524
51.0728
50.6369
50.1859
49.7165
49.0901
48.6656
47.3545
48.0562
43.44
49.9636
31.4334
71.4835
70.4842
68.2409
66.1389
64.1664
62.266
60.5449
59.0546
57.7802
56.6967
55.7791
55.0042
54.3571
53.7981
53.2882
52.7905
52.2726
51.7348
51.0245
50.5404
49.094
49.7598
44.8755
51.2794
32.6253
73.6954
72.5957
70.4612
68.4266
66.4709
64.5744
62.8413
61.3206
60.0048
58.8754
57.9096
57.0843
56.3855
55.7721
55.2052
54.6477
54.0649
53.4622
52.6717
52.1317
50.5603
51.1847
46.0689
52.3374
33.7082
75.5992
74.3756
72.3124
70.3319
68.3973
66.5133
64.778
63.2376
61.89
60.7218
59.713
58.8416
58.0943
57.4294
56.8086
56.1949
55.5516
54.8906
54.0256
53.4356
51.7519
52.3347
47.0237
53.1577
34.6724
77.1408
75.7788
73.762
71.827
69.9168
68.0535
66.326
64.7776
63.4085
62.2112
61.166
60.2549
59.4642
58.7531
58.084
57.4205
56.7234
56.0107
55.0798
54.4469
52.6657
53.211
47.7419
53.7518
35.506
78.2772
76.7674
74.7819
72.8882
71.0069
69.1725
67.4641
65.9201
64.5419
63.3261
62.2543
61.3111
60.4849
59.7333
59.0209
58.313
57.5684
56.8134
55.8281
55.1594
53.2977
53.8127
48.2223
54.1246
36.1958
78.9683
77.3057
75.3439
73.4898
71.6421
69.8433
68.1647
66.636
65.2617
64.0374
62.9495
61.9826
61.1288
60.3448
59.5978
58.8546
58.0734
57.2854
56.257
55.5634
53.6403
54.1357
48.462
54.2759
36.7277
79.1771
77.367
75.4251
73.6133
71.8057
70.0522
68.4144
66.9146
65.5569
64.3375
63.2444
62.2653
61.3937
60.5862
59.8123
59.0416
58.2321
57.4208
56.3622
55.6545
53.6894
54.1768
48.456
54.2026
37.0853
78.8684
76.9265
75.0054
73.2415
71.4805
69.7815
68.1945
66.7366
65.4074
64.2058
63.119
62.1387
61.2587
60.4364
59.645
58.857
58.0301
57.2072
56.1328
55.4245
53.4383
53.9325
48.2022
53.9039
37.2582
78.0133
75.9626
74.0681
72.3574
70.6529
69.0181
67.4941
66.0901
64.8034
63.6314
62.5639
61.5939
60.716
59.8888
59.0898
58.2944
57.461
56.6375
55.5616
54.8654
52.8793
53.3942
47.6912
53.3672
37.2334
76.5911
74.4602
72.6016
70.9529
69.316
67.7558
66.307
64.9688
63.7373
62.6075
61.5716
60.6238
59.7585
58.9364
58.14
57.3476
56.519
55.7068
54.644
53.9735
52.0092
52.5594
46.921
52.5894
37.0005
74.5865
72.409
70.5979
69.0223
67.4645
65.991
64.6284
63.3691
62.204
61.1295
60.1373
59.2233
58.3816
57.5749
56.7915
56.0129
55.2006
54.4118
53.3766
52.7456
50.8248
51.425
45.8872
51.5657
36.5499
71.9901
69.8036
68.0545
66.564
65.0987
63.7239
62.4594
61.2903
60.2043
59.1967
58.2609
57.3914
56.5839
55.8035
55.0437
54.2899
53.5056
52.7524
51.7597
51.1828
49.3262
49.9934
44.5875
50.3037
35.8762
68.8008
66.645
64.9751
63.5824
62.2243
60.9602
59.806
58.7376
57.7428
56.8136
55.9455
55.1319
54.3688
53.6253
52.8999
52.1819
51.4374
50.7324
49.7969
49.2889
47.5176
48.2703
43.0237
48.8124
34.9907
65.0216
62.9405
61.3685
60.0893
58.8537
57.7139
56.6812
55.7259
54.8327
53.9935
53.2027
52.4547
51.7452
51.0485
50.3677
49.6954
49.0013
48.355
47.4916
47.0625
45.406
46.2407
41.2207
47.0032
33.9073
60.5873
58.634
57.1834
56.0382
54.9455
53.9486
53.0528
52.2265
51.4495
50.714
50.0132
49.3414
48.6962
48.0581
47.4334
46.8167
46.1831
45.5996
44.8238
44.4683
42.9849
43.8359
39.2261
44.5709
32.527
54.7628
53.0108
51.7262
50.7515
49.8409
49.0225
48.2984
47.6328
47.0042
46.4027
45.8229
45.2583
44.7096
44.1622
43.6264
43.0994
42.5656
42.0859
41.4513
41.2044
39.9741
40.8203
36.8384
41.5983
31.1993
47.599
46.1162
45.0494
44.2801
43.587
42.9801
42.4587
41.9832
41.5316
41.0928
40.6617
40.2325
39.8094
39.383
38.9677
38.5648
38.1688
37.8349
37.3847
37.2934
36.3534
37.2748
33.9429
38.4924
29.5502
39.9632
38.7805
37.9593
37.4063
36.9374
36.5503
36.236
35.955
35.6836
35.4111
35.1325
34.8442
34.5543
34.2591
33.9761
33.7101
33.4629
33.2869
33.0279
33.1142
32.4589
33.5291
30.7272
35.2704
27.2135
32.1289
31.2538
30.6864
30.3479
30.0966
29.923
29.8082
29.7139
29.6168
29.5055
29.3768
29.2306
29.0788
28.9219
28.7799
28.6614
28.5739
28.5677
28.5099
28.7871
28.4226
29.6591
27.3681
31.9274
24.6859
24.3691
23.7886
23.4664
23.3282
23.2758
23.2964
23.3631
23.4391
23.502
23.5405
23.555
23.5489
23.5372
23.5227
23.5279
23.5646
23.6448
23.8163
23.9658
24.4392
24.3666
25.7678
23.985
28.533
22.127
17.0126
16.6945
16.59
16.621
16.7329
16.9164
17.1353
17.356
17.5559
17.7259
17.8712
17.9979
18.1223
18.2488
18.4016
18.5953
18.8442
19.1933
19.5474
20.212
20.4212
21.9743
20.6805
25.187
19.5986
10.4266
10.3104
10.3748
10.54
10.7774
11.0822
11.4136
11.7407
12.0446
12.3202
12.5766
12.8204
13.0683
13.3256
13.6178
13.9606
14.3689
14.884
15.4276
16.2657
16.7314
18.4107
17.5666
21.9954
17.1721
5.08354
5.10407
5.26212
5.48807
5.78063
6.14801
6.53254
6.9194
7.28563
7.63181
7.96795
8.30121
8.64756
9.01383
9.42456
9.89452
10.4385
11.0933
11.7957
12.7735
13.4538
15.2177
14.7645
19.0691
14.9305
1.43008
1.4802
1.65428
1.88103
2.17019
2.52145
2.89705
3.27049
3.64076
4.00555
4.37602
4.75544
5.16253
5.60089
6.09215
6.6495
7.28711
8.03705
8.84921
9.91505
10.7485
12.539
12.398
16.5183
12.9596
0.0465829
0.00734722
0.0703322
0.199204
0.390322
0.633838
0.906672
1.19479
1.50066
1.82175
2.16179
2.53014
2.93669
3.3877
3.89982
4.48349
5.15262
5.93198
6.78462
7.86687
8.77374
10.5161
10.5899
14.4572
11.3474
1.60611
1.30951
1.08927
0.994761
0.963973
0.973346
1.02757
1.12924
1.27534
1.46253
1.69223
1.96697
2.29279
2.67462
3.12366
3.64877
4.26098
4.98266
5.78459
6.79349
7.67415
9.27938
9.45404
12.9891
10.1784
6.8745
6.10091
5.36893
4.87877
4.46418
4.07818
3.76956
3.55383
3.41683
3.3491
3.34751
3.41342
3.54337
3.74129
4.01432
4.37021
4.81501
5.37007
6.01117
6.841
7.58303
8.95207
9.10282
12.2217
9.546
16.5963
15.0597
13.5313
12.4317
11.4272
10.4556
9.6181
8.92269
8.34351
7.86269
7.46862
7.1667
6.94576
6.81241
6.76789
6.81827
6.96598
7.22904
7.58541
8.12174
8.602
9.63304
9.629
12.2436
9.54027
31.0337
28.4711
25.8768
23.9764
22.1928
20.4301
18.853
17.4699
16.2507
15.1655
14.1907
13.3542
12.61
11.9778
11.4565
11.052
10.765
10.6107
10.5563
10.6903
10.7851
11.392
11.096
13.1435
10.2406
49.6346
45.8262
41.922
39.1167
36.3855
33.6485
31.1373
28.8863
26.8853
25.0171
23.2801
21.7188
20.3045
19.0443
17.9172
16.9417
16.0975
15.4259
14.849
14.5045
14.1049
14.2481
13.5012
14.9965
11.6267
69.8859
64.7885
59.4962
55.8069
52.1173
48.3542
44.7521
41.5108
38.5997
35.9389
33.4539
31.1703
29.0528
27.1321
25.3609
23.7891
22.3533
21.153
20.0262
19.2107
18.282
18.0129
16.7174
17.8296
13.7231
88.7286
82.2217
75.6151
71.4655
66.5315
61.6474
57.2825
53.3126
49.6641
46.3324
43.2025
40.2927
37.5628
35.0812
32.7571
30.6911
28.7511
27.1249
25.5314
24.3555
22.9749
22.4204
20.6
21.5918
16.7372
104.252
96.6519
88.6719
83.8449
78.1752
72.5648
67.7085
63.2576
59.0889
55.2796
51.6909
48.3507
45.1869
42.3189
39.6063
37.2186
34.9369
33.0537
31.148
29.7803
28.1032
27.4275
25.2795
26.2883
20.8732
116.391
106.714
98.1954
92.7117
86.7316
80.885
75.8134
71.123
66.6654
62.5858
58.7273
55.1611
51.7691
48.7275
45.8354
43.3329
40.9178
38.9834
36.977
35.6242
33.8581
33.2331
31.0217
32.2759
26.5575
125.578
113.254
104.671
99.1872
93.0471
87.1164
81.9828
77.2152
72.6577
68.5061
64.5686
60.9835
57.577
54.5871
51.7508
49.3615
47.0515
45.3035
43.4097
42.3238
40.7181
40.4787
38.4908
40.2039
34.6149
133.095
118.336
109.478
104.056
97.8377
91.9084
86.8132
82.1059
77.6233
73.5994
69.7908
66.4097
63.2215
60.5231
58.0006
55.9825
54.0357
52.6948
51.292
50.7246
49.6494
50.0478
48.711
51.4037
46.4899
140.81
123.104
113.607
108.247
101.97
96.0601
91.0802
86.5755
82.3515
78.6759
75.2375
72.3179
69.6273
67.4963
65.575
64.1836
62.9671
62.4311
61.818
62.1625
62.098
63.6819
63.5668
67.9957
64.6184
149.317
128.447
117.82
112.404
106.139
100.358
95.641
91.5541
87.8549
84.8194
82.0817
79.9531
78.0608
76.8662
75.9631
75.6588
75.5371
76.2431
77.0257
78.8822
80.551
84.1193
86.1597
93.5132
93.0943
160.094
135.404
123.043
117.381
111.229
105.844
101.697
98.3939
95.6179
93.6345
92.0011
91.1437
90.6248
90.8151
91.4575
92.7969
94.4909
97.2057
100.22
104.564
109.12
115.995
121.526
133.864
138.539
174.683
145.126
130.3
124.289
118.611
114.135
111.142
109.213
107.968
107.702
107.926
108.947
110.492
112.897
115.972
119.929
124.513
130.432
137.139
145.425
154.652
166.794
178.072
198.549
212.004
194.82
158.755
141.337
135.3
130.957
128.383
127.503
128.057
129.342
131.767
134.888
138.966
143.811
149.727
156.724
164.791
174.079
185.097
197.577
212.463
228.926
249.962
270.244
303.77
331.6
224.709
179.69
160.032
155.796
154.624
155.823
158.816
163.484
169.104
176.002
183.918
192.872
203.041
214.703
227.923
242.912
259.7
279.105
300.958
326.334
354.619
389.54
424.831
477.752
530.596
276.568
218.975
200.488
202.895
208.959
217.463
227.56
239.604
252.703
267.518
283.436
300.997
320.116
341.588
365.539
392.166
421.664
455.148
492.708
535.736
583.96
641.866
703.499
786.488
887.769
460.688
375.664
377.192
410.767
442.633
476.541
513.068
551.619
591.863
635.252
681.103
731.123
785.329
845.307
910.415
982.039
1060.58
1148.1
1246.28
1356.78
1482.69
1628.38
1792.59
1993.52
2263.04
0
0
0
0
0
0
0
0
0
0
0
0
0
0
0
0
0
0
0
0
0
0
0
0
0
)
;


// ************************************************************************* //
