/*--------------------------------*- C++ -*----------------------------------*\
  =========                 |
  \\      /  F ield         | OpenFOAM: The Open Source CFD Toolbox
   \\    /   O peration     | Website:  https://openfoam.org
    \\  /    A nd           | Version:  11
     \\/     M anipulation  |
\*---------------------------------------------------------------------------*/
FoamFile
{
    format      ascii;
    class       volScalarField::Internal;
    location    "287";
    object      tmp<kEpsilon:G>;
}
// * * * * * * * * * * * * * * * * * * * * * * * * * * * * * * * * * * * * * //

dimensions      [0 2 -3 0 0 0 0];

value           nonuniform List<scalar> 
12225
(
0
0
0
0
0
0
0
0
0
0
0
0
0
0
0
0
0
0
947.464
499.32
262.327
277.58
379.751
495.268
604.994
715.086
802.506
888.344
950.043
1008.58
1048.48
1084.91
1112.54
1130.02
1167.25
1133.99
85.4726
123.101
55.5192
17.2368
5.18729
4.39866
8.80119
16.6824
26.6126
38.3711
50.8926
64.062
77.51
90.3887
103.973
115.382
129.573
136.293
5.03698
1.74501
0.640973
0.702173
0.465227
0.185296
0.0269634
0.189083
0.790469
1.87963
3.44255
5.41323
7.82185
10.396
13.4366
16.2986
19.7519
22.5555
0.224383
0.131565
0.147842
0.314036
0.426057
0.406404
0.289181
0.153255
0.0568413
0.0250768
0.0743974
0.21206
0.44668
0.761085
1.18
1.64114
2.20293
2.75262
0.177081
0.18867
0.264829
0.320369
0.322834
0.317694
0.289921
0.238911
0.182243
0.127138
0.0802259
0.0456404
0.0279437
0.0290318
0.0505487
0.0908483
0.147246
0.216423
0.126535
0.211589
0.231022
0.21301
0.212256
0.230711
0.238735
0.22767
0.208373
0.184772
0.159416
0.132983
0.108661
0.0875114
0.0711068
0.0605925
0.0556235
0.0548779
0.0973879
0.148853
0.159686
0.157136
0.167644
0.188227
0.200749
0.200676
0.195408
0.187757
0.178389
0.167054
0.155531
0.144347
0.134905
0.127782
0.124399
0.121736
0.0740363
0.104533
0.122063
0.130431
0.142056
0.158007
0.169385
0.173057
0.173329
0.172496
0.170726
0.167936
0.164854
0.162082
0.160448
0.160283
0.162777
0.165078
0.0560842
0.0774381
0.0972121
0.108831
0.119541
0.132601
0.143227
0.148722
0.151461
0.153444
0.15501
0.156079
0.157187
0.158701
0.161246
0.164764
0.170218
0.175001
0.0423444
0.0583373
0.0770671
0.0898055
0.100359
0.11189
0.121812
0.128037
0.131884
0.134992
0.137859
0.1405
0.143275
0.146453
0.150434
0.155045
0.160873
0.165905
0.0324219
0.04511
0.0621405
0.0753199
0.0858603
0.0963519
0.105538
0.111906
0.116195
0.11969
0.122937
0.126022
0.129197
0.132664
0.136668
0.14101
0.146058
0.150242
0.0245402
0.0347353
0.0499721
0.0632034
0.0737563
0.0835354
0.0921221
0.0984773
0.102981
0.106603
0.109881
0.112959
0.116016
0.119201
0.122657
0.126208
0.130086
0.133143
0.0175675
0.0257147
0.0389778
0.0516818
0.062115
0.0713405
0.079379
0.08562
0.0902222
0.0938586
0.0970081
0.0998586
0.102543
0.105166
0.107808
0.110329
0.112901
0.114734
0.0116511
0.0182345
0.0296285
0.0414346
0.0515212
0.060238
0.0677564
0.0737749
0.0783413
0.0818887
0.0848109
0.0873097
0.0894967
0.0914489
0.0932189
0.0947175
0.0960966
0.0968488
0.0068899
0.0122943
0.0220358
0.0327698
0.0423252
0.050546
0.0575703
0.0632723
0.0676651
0.0710198
0.0736427
0.0757272
0.077384
0.0786807
0.0796715
0.080318
0.0807623
0.0807216
0.00336841
0.00792287
0.0163344
0.0260179
0.0349449
0.0426628
0.0492072
0.0545247
0.058626
0.0616916
0.0639587
0.065608
0.0667557
0.0674792
0.0678428
0.0678569
0.0676411
0.0670908
0.00119818
0.00520311
0.0126885
0.0215169
0.0298137
0.0369973
0.043032
0.0478909
0.0515897
0.0542686
0.0561269
0.0573371
0.0580224
0.0582736
0.0581661
0.0577471
0.057102
0.0562594
0.00067177
0.00446491
0.0115887
0.0200115
0.0278774
0.0345895
0.040128
0.0444873
0.0476891
0.0498743
0.051247
0.0519881
0.0522294
0.0520724
0.0515996
0.0508845
0.0499686
0.0489901
0.00204476
0.0060808
0.0136588
0.022348
0.0300893
0.0364679
0.0416302
0.0455677
0.0482758
0.0499326
0.0507963
0.0510734
0.0509002
0.0503821
0.0496038
0.0486472
0.0475258
0.0464168
0.00472814
0.00942399
0.0181254
0.0274467
0.0350585
0.0410437
0.0458498
0.0494034
0.0516399
0.0528057
0.0532283
0.0531202
0.0526068
0.0517958
0.050779
0.0496424
0.0483809
0.0471795
0.00871493
0.0148693
0.0252556
0.0351398
0.0425977
0.0483028
0.0527381
0.0556721
0.0571553
0.0576756
0.0576314
0.0571717
0.0563641
0.055311
0.0541025
0.0528234
0.0514445
0.0501628
0.0139797
0.0239402
0.0361884
0.0443424
0.0507182
0.0569909
0.0620703
0.0646583
0.0651678
0.0647583
0.0640026
0.0629685
0.0616626
0.0601966
0.0586419
0.0570743
0.0554277
0.0538755
0.0214614
0.0423925
0.0593341
0.0604456
0.059658
0.0636489
0.0695375
0.0733248
0.074543
0.0745113
0.0737408
0.0722322
0.0700647
0.0675133
0.0647135
0.0618237
0.0587773
0.0558718
0.0433419
0.0760713
0.0937254
0.10472
0.0971696
0.0901418
0.0875816
0.0862823
0.0847966
0.0829897
0.0800927
0.0756575
0.0698511
0.0633112
0.0564495
0.0497498
0.0433775
0.0377659
0.0805342
0.213192
0.0680995
0.0786756
0.167343
0.214731
0.214087
0.189289
0.15819
0.127612
0.0985224
0.0722063
0.0503266
0.0345972
0.0260866
0.0255744
0.033169
0.0487558
0.659996
0.124874
0.315982
0.505935
0.373402
0.295746
0.229577
0.141704
0.0605642
0.0116303
0.0105538
0.0681145
0.189056
0.374734
0.620211
0.923558
1.27085
1.66009
31.8775
71.0681
43.2476
18.2728
7.0687
2.67219
1.11398
1.00734
1.81644
3.28493
5.25749
7.63431
10.2755
13.157
16.1291
19.2247
22.2419
25.2874
455.413
257.653
100.987
70.5615
91.6372
128.079
168.032
205.873
241.274
273.953
303.064
329.743
353.064
374.479
393.024
410.501
425.897
440.971
0
0
0
0
0
0
0
0
0
0
0
0
0
0
0
0
0
0
0
0
0
0
0
0
0
0
0
0
0
0
0
0
0
0
0
0
0
0
0
0
0
0
0
0
0
0
0
0
0
0
0
9.51937
10.3842
11.1279
11.8555
12.5581
13.2955
13.9394
14.412
14.8175
15.5662
17.2114
18.3937
19.9796
21.5508
23.2906
25.0883
26.9918
28.9741
31.048
33.2067
35.4546
37.7902
40.2154
42.7299
45.3349
48.0301
50.8162
53.6928
56.6598
59.7163
62.8619
66.0948
69.414
72.8172
76.3024
79.8666
83.5072
87.2201
91.0022
94.8484
98.7548
102.715
106.726
110.779
114.869
118.989
123.133
127.291
131.458
135.623
139.78
143.918
148.03
152.103
156.13
160.098
163.997
167.815
171.538
175.153
178.644
181.995
185.192
188.22
191.071
193.754
196.27
198.623
200.803
202.807
204.626
206.255
207.686
208.914
209.932
210.736
211.322
211.684
211.819
211.724
211.397
210.836
210.039
209.005
207.735
206.229
204.488
202.515
200.311
197.879
195.223
192.347
189.256
185.954
182.447
178.751
174.872
170.795
166.537
162.107
157.534
152.822
147.96
142.971
137.863
132.647
127.333
121.932
116.456
110.915
105.319
99.6801
94.008
88.3134
82.6066
76.898
71.1972
65.514
59.8575
54.2366
48.66
43.1359
37.6726
32.2784
26.9619
21.734
16.6102
11.6223
6.87334
3.08471
4.35139
8.58997
13.1534
17.7559
22.3427
26.897
31.4114
35.881
40.3007
44.6635
48.9561
53.1596
57.2179
61.0918
64.3641
67.3822
64.5036
0
0.00310712
0.00512175
0.0167624
0.0480717
0.101365
0.176494
0.270333
0.379153
0.499408
0.628838
0.766944
0.914451
1.07227
1.24132
1.42224
1.61552
1.82134
2.04002
2.27179
2.51761
2.77838
3.05606
3.35268
3.67083
4.01274
4.37428
4.74161
5.11589
5.50273
5.85682
6.19062
6.58145
6.79591
6.97476
6.74192
6.63554
6.33505
5.68885
5.16547
4.91142
4.06544
4.10625
5.11577
5.1073
4.9347
4.80127
4.67821
4.55084
4.41347
4.26882
4.11905
3.96641
3.81238
3.65825
3.50498
3.35347
3.20449
3.05879
2.91713
2.78031
2.64913
2.5245
2.40732
2.2986
2.19935
2.11069
2.03374
1.96969
1.91974
1.88513
1.86709
1.86687
1.88571
1.92481
1.98534
2.06843
2.17512
2.30642
2.46325
2.64639
2.85655
3.09429
3.36007
3.65411
3.97649
4.32697
4.70508
5.10994
5.54023
5.99405
6.46838
6.9586
7.45807
7.9587
8.45286
8.93409
9.39225
9.80949
10.2331
10.6547
11.0858
11.5273
11.9801
12.444
12.9185
13.4028
13.8963
14.398
14.9071
15.4227
15.9439
16.4695
16.9987
17.5303
18.0633
18.5967
19.1291
19.6595
20.1867
20.7098
21.228
21.7404
22.2457
22.7427
23.2303
23.7073
24.1727
24.6256
25.066
25.4944
25.9064
26.2996
26.6772
27.0425
27.3899
27.7195
28.0308
28.324
28.5985
28.8548
29.0929
29.3131
29.5156
29.7006
29.8683
30.019
30.1531
30.271
30.3733
30.4606
30.5335
30.5925
30.6385
30.672
30.6939
30.7051
30.7072
30.7011
30.6874
30.6658
30.6424
30.6317
30.6138
30.5623
30.4914
30.4241
30.364
30.3098
30.2598
30.2127
30.1674
30.123
30.0823
30.0459
30.066
30.1358
30.9924
32.4056
41.2228
0
0.0270091
0.0942175
0.151213
0.213188
0.289064
0.3876
0.512179
0.660509
0.827051
1.00619
1.19401
1.38871
1.59003
1.79866
2.0154
2.24097
2.47565
2.71953
2.97204
3.23247
3.49955
3.77147
4.04549
4.3178
4.58214
4.83046
5.0592
5.2627
5.43573
5.57805
5.69758
5.7939
5.82728
5.77151
5.64106
5.53727
5.42445
5.29582
5.19254
5.1462
5.09621
5.10901
5.17183
5.20347
5.21388
5.26952
5.37706
5.53106
5.721
5.93988
6.18279
6.44679
6.7298
7.03041
7.34749
7.68022
8.02782
8.38968
8.7652
9.15386
9.55517
9.96867
10.3939
10.8305
11.2781
11.7363
12.2048
12.6833
13.1715
13.6691
14.176
14.692
15.2169
15.7505
16.2929
16.8437
17.403
17.9707
18.5466
19.1306
19.7226
20.3223
20.9296
21.544
22.1651
22.7922
23.4246
24.0612
24.7012
25.3439
25.9891
26.6375
27.2908
27.9539
28.6365
29.3533
30.1225
30.973
31.8382
32.7195
33.6103
34.5083
35.4122
36.3206
37.232
38.1443
39.0557
39.9642
40.8678
41.7644
42.652
43.5285
44.3917
45.2394
46.0697
46.8805
47.6694
48.4341
49.1726
49.8833
50.5649
51.216
51.8344
52.4183
52.9652
53.4737
53.9423
54.3704
54.7574
55.1039
55.4054
55.6567
55.8646
56.0318
56.1533
56.2288
56.2582
56.2418
56.1802
56.0743
55.9251
55.7338
55.5014
55.2291
54.9182
54.57
54.1861
53.7682
53.318
52.8376
52.3288
51.7937
51.2345
50.6536
50.0535
49.4361
48.803
48.1574
47.5016
46.8344
46.1546
45.4588
44.757
44.0716
43.4006
42.7388
42.0885
41.45
40.8227
40.2059
39.5997
39.0057
38.4316
37.8925
37.4689
37.2474
38.0055
40.14
46.8468
0
0.128087
0.282649
0.394691
0.482814
0.566094
0.662938
0.783226
0.929811
1.1006
1.29093
1.49578
1.71117
1.93454
2.16455
2.40046
2.64173
2.88756
3.13673
3.38736
3.63706
3.88256
4.12003
4.34505
4.55275
4.73831
4.89677
5.02519
5.1245
5.20044
5.2605
5.31691
5.37704
5.42159
5.43791
5.43212
5.43409
5.45599
5.4967
5.58701
5.73511
5.91628
6.23661
6.7081
7.14699
7.52819
7.88889
8.25686
8.64572
9.05928
9.49754
9.95915
10.4426
10.9464
11.4694
12.0107
12.5693
13.1446
13.736
14.3429
14.965
15.6019
16.2534
16.9191
17.599
18.2929
19.0009
19.7228
20.4589
21.2092
21.9738
22.753
23.547
24.3561
25.1806
26.0208
26.877
27.7494
28.6383
29.5441
30.4668
31.4066
32.3636
33.3378
34.3292
35.3376
36.3628
37.4043
38.462
39.5359
40.6265
41.735
42.8636
44.0161
45.1985
46.4184
47.6776
48.9689
50.2822
51.6079
52.9476
54.2969
55.652
57.0097
58.3672
59.7216
61.0697
62.4084
63.7347
65.0453
66.3372
67.6072
68.8522
70.0689
71.2542
72.4053
73.5189
74.5918
75.6207
76.6027
77.5357
78.4181
79.2477
80.0219
80.7378
81.3928
81.9842
82.5102
82.9704
83.365
83.6954
83.9515
84.132
84.2465
84.2934
84.2706
84.1773
84.0138
83.7806
83.479
83.1108
82.6777
82.1816
81.6245
81.0085
80.3357
79.6086
78.8298
78.0022
77.1287
76.2125
75.2569
74.2655
73.2417
72.1887
71.1093
70.0063
68.8816
67.739
66.5835
65.4208
64.2534
63.0775
61.8862
60.6918
59.5026
58.3228
57.1601
56.0189
54.9014
53.8096
52.7474
51.7222
50.7533
49.878
49.219
48.9333
49.848
52.3772
57.7317
0
0.276961
0.523411
0.704299
0.825214
0.916602
1.00836
1.11558
1.24514
1.3987
1.57424
1.76778
1.97498
2.19203
2.41592
2.64424
2.87492
3.1058
3.33461
3.55851
3.77441
3.97887
4.16847
4.34006
4.49133
4.62157
4.73199
4.8266
4.91165
4.99594
5.08937
5.2008
5.3339
5.48104
5.63108
5.78194
5.94284
6.12393
6.33417
6.58371
6.88299
7.23593
7.6731
8.19405
8.74461
9.29625
9.84735
10.4065
10.9822
11.5792
12.2001
12.8458
13.5161
14.2109
14.9295
15.6714
16.4364
17.2241
18.0342
18.8664
19.7207
20.5971
21.4957
22.4165
23.3598
24.326
25.3153
26.3282
27.3652
28.4268
29.5136
30.6261
31.7648
32.9305
34.1237
35.3449
36.5947
37.8734
39.1816
40.5195
41.8874
43.2854
44.7135
46.1717
47.6598
49.1776
50.7248
52.301
53.9058
55.5393
57.2018
58.894
60.6172
62.373
64.1633
65.9889
67.8452
69.7206
71.6062
73.5007
75.404
77.3124
79.2214
81.1266
83.0234
84.9075
86.7741
88.619
90.4374
92.2251
93.9776
95.6904
97.3593
98.9799
100.548
102.06
103.511
104.897
106.214
107.458
108.627
109.719
110.731
111.66
112.503
113.256
113.916
114.482
114.952
115.331
115.612
115.791
115.866
115.851
115.738
115.529
115.223
114.822
114.325
113.736
113.058
112.292
111.443
110.512
109.504
108.421
107.267
106.046
104.762
103.42
102.023
100.577
99.0847
97.5513
95.9805
94.376
92.7436
91.0892
89.4172
87.7327
86.0417
84.3499
82.6583
80.9604
79.2585
77.5584
75.869
74.2022
72.5665
70.9684
69.4146
67.915
66.4863
65.1632
64.0077
63.1795
62.8822
63.9204
66.5451
70.7429
0
0.436524
0.760355
1.01458
1.17562
1.28081
1.37018
1.46328
1.57036
1.6963
1.84185
2.00488
2.18187
2.36895
2.56243
2.75903
2.9558
3.14998
3.3389
3.51994
3.69071
3.84905
3.99354
4.12379
4.2407
4.347
4.447
4.54674
4.6531
4.77371
4.91587
5.0852
5.28379
5.50837
5.75347
6.01593
6.298
6.60499
6.94325
7.32016
7.74362
8.22075
8.75914
9.35784
10.0008
10.6726
11.3661
12.0807
12.8189
13.5832
14.3757
15.1975
16.0495
16.932
17.8454
18.7896
19.7648
20.7711
21.8086
22.8777
23.9788
25.1124
26.2789
27.4792
28.714
29.984
31.2903
32.6337
34.0153
35.4359
36.8968
38.3987
39.9428
41.5299
43.1609
44.8365
46.5576
48.3245
50.1377
51.9975
53.904
55.8571
57.8567
59.9023
61.9934
64.1292
66.3091
68.5319
70.7966
73.1024
75.4484
77.8338
80.2578
82.7189
85.2153
87.7428
90.2937
92.8577
95.4276
98.0009
100.576
103.147
105.711
108.26
110.789
113.291
115.761
118.191
120.577
122.912
125.19
127.405
129.552
131.626
133.62
135.53
137.35
139.075
140.7
142.222
143.636
144.942
146.135
147.211
148.168
149.002
149.71
150.289
150.741
151.067
151.259
151.317
151.245
151.049
150.726
150.275
149.7
149.001
148.18
147.241
146.188
145.025
143.756
142.386
140.918
139.358
137.71
135.98
134.173
132.293
130.348
128.341
126.278
124.166
122.011
119.82
117.6
115.356
113.097
110.827
108.553
106.282
104.016
101.756
99.4998
97.2517
95.0207
92.8205
90.663
88.5597
86.5227
84.5693
82.7269
81.0455
79.6088
78.5999
78.2352
79.2437
81.6469
84.814
0
0.584912
0.957525
1.27456
1.47534
1.5976
1.68779
1.76861
1.85288
1.94809
2.05743
2.18078
2.31604
2.46011
2.60969
2.76162
2.91305
3.06152
3.20498
3.34176
3.47078
3.59166
3.70486
3.81194
3.91557
4.0197
4.12917
4.24965
4.38702
4.54713
4.73519
4.95503
5.20843
5.49448
5.81057
6.15457
6.52696
6.93075
7.37037
7.85097
8.37793
8.95588
9.58816
10.2742
11.0087
11.7847
12.5972
13.444
14.3249
15.2407
16.1925
17.1814
18.2083
19.2742
20.3797
21.5256
22.7127
23.9417
25.2135
26.5291
27.8895
29.296
30.7499
32.2526
33.8054
35.4101
37.0681
38.781
40.5505
42.3781
44.2653
46.2137
48.2245
50.2991
52.4386
54.6438
56.9155
59.2543
61.6604
64.1338
66.6745
69.2818
71.955
74.6931
77.4948
80.3584
83.2823
86.2642
89.3018
92.3926
95.5341
98.7233
101.957
105.231
108.539
111.876
115.232
118.596
121.961
125.323
128.676
132.015
135.333
138.623
141.876
145.084
148.239
151.334
154.361
157.312
160.179
162.955
165.633
168.206
170.668
173.011
175.231
177.319
179.272
181.084
182.752
184.273
185.644
186.86
187.918
188.814
189.547
190.112
190.516
190.749
190.814
190.707
190.44
190.014
189.426
188.679
187.774
186.716
185.507
184.154
182.66
181.032
179.275
177.396
175.398
173.29
171.076
168.763
166.357
163.866
161.297
158.656
155.952
153.193
150.387
147.544
144.67
141.774
138.864
135.946
133.028
130.116
127.214
124.328
121.458
118.608
115.786
113.006
110.284
107.636
105.079
102.638
100.352
98.2816
96.5271
95.2791
94.7404
95.5449
97.4701
99.6616
0
0.707022
1.09276
1.4515
1.68308
1.82053
1.91247
1.9829
2.04629
2.11198
2.18512
2.26748
2.3586
2.45677
2.55973
2.66515
2.77103
2.87574
2.97827
3.07814
3.17551
3.27127
3.36701
3.4652
3.56899
3.6822
3.80911
3.95435
4.12261
4.31839
4.54566
4.80751
5.10576
5.44069
5.81163
6.21786
6.65977
7.13919
7.65907
8.22303
8.83481
9.49774
10.2139
10.9838
11.8055
12.6766
13.5947
14.5583
15.5669
16.6208
17.7209
18.8681
20.0636
21.3088
22.605
23.9537
25.3563
26.8144
28.3298
29.9043
31.54
33.2388
35.003
36.8349
38.7369
40.7113
42.7605
44.8869
47.0929
49.3806
51.7521
54.2095
56.7543
59.3882
62.1125
64.9281
67.8356
70.8355
73.9277
77.1118
80.387
83.7521
87.2054
90.7449
94.3682
98.0724
101.854
105.71
109.636
113.626
117.678
121.784
125.939
130.137
134.368
138.625
142.895
147.169
151.437
155.691
159.924
164.128
168.294
172.413
176.474
180.468
184.384
188.213
191.946
195.571
199.081
202.467
205.719
208.829
211.79
214.594
217.233
219.7
221.989
224.095
226.016
227.746
229.282
230.62
231.757
232.69
233.416
233.935
234.248
234.346
234.236
233.915
233.4
232.687
231.775
230.669
229.371
227.887
226.222
224.384
222.379
220.213
217.894
215.43
212.826
210.091
207.233
204.259
201.178
197.999
194.731
191.385
187.969
184.494
180.969
177.405
173.811
170.197
166.571
162.942
159.317
155.702
152.106
148.534
144.992
141.484
138.019
134.611
131.28
128.043
124.926
121.959
119.189
116.688
114.563
113
112.171
112.616
113.885
115.158
0
0.798758
1.1591
1.53301
1.78071
1.92691
2.01851
2.07926
2.12419
2.16378
2.20459
2.24999
2.30112
2.35773
2.41896
2.48374
2.55118
2.62078
2.69241
2.76641
2.84371
2.92582
3.01479
3.11314
3.22379
3.35019
3.49592
3.66475
3.86044
4.08654
4.34637
4.64262
4.97732
5.35162
5.76604
6.22096
6.71715
7.25614
7.84013
8.47185
9.15413
9.88931
10.6796
11.5261
12.4292
13.3886
14.4037
15.4745
16.6011
17.7843
19.0252
20.3252
21.6861
23.1099
24.5987
26.1549
27.7809
29.4792
31.2528
33.1044
35.0372
37.0544
39.1593
41.3552
43.6456
46.0338
48.5232
51.1169
53.818
56.6294
59.5538
62.5935
65.7505
69.0265
72.4229
75.9404
79.5795
83.34
87.2213
91.2222
95.341
99.5754
103.922
108.379
112.94
117.603
122.36
127.208
132.138
137.145
142.221
147.358
152.547
157.778
163.041
168.323
173.613
178.898
184.166
189.406
194.609
199.764
204.859
209.883
214.823
219.669
224.406
229.024
233.511
237.856
242.047
246.074
249.927
253.596
257.072
260.346
263.409
266.253
268.873
271.264
273.421
275.339
277.015
278.445
279.626
280.556
281.233
281.66
281.829
281.74
281.398
280.806
279.98
278.915
277.613
276.077
274.314
272.331
270.136
267.736
265.141
262.359
259.399
256.269
252.978
249.537
245.956
242.244
238.412
234.471
230.433
226.308
222.11
217.848
213.536
209.184
204.804
200.407
196.002
191.599
187.206
182.831
178.482
174.17
169.902
165.683
161.525
157.443
153.457
149.59
145.871
142.337
139.04
136.06
133.503
131.543
130.312
130.27
130.769
131.179
0
0.861746
1.16084
1.52364
1.77022
1.91609
2.00293
2.05319
2.08165
2.0992
2.11327
2.12844
2.14727
2.17103
2.20007
2.23438
2.27399
2.31897
2.37017
2.42858
2.4956
2.573
2.66281
2.76735
2.88925
3.03121
3.19623
3.38731
3.60753
3.85985
4.14716
4.47202
4.83664
5.24276
5.69175
6.18482
6.72328
7.30883
7.94355
8.62998
9.37073
10.1685
11.0253
11.943
12.9228
13.966
15.074
16.2477
17.4887
18.7986
20.1794
21.6335
23.1637
24.7731
26.4647
28.2421
30.1089
32.0688
34.126
36.2847
38.5492
40.9241
43.414
46.0233
48.7567
51.6186
54.6132
57.7446
61.0165
64.4324
67.9954
71.7079
75.5722
79.5899
83.7619
88.0887
92.57
97.2048
101.992
106.928
112.011
117.236
122.599
128.095
133.717
139.459
145.314
151.272
157.325
163.463
169.676
175.953
182.281
188.649
195.042
201.447
207.848
214.231
220.582
226.886
233.131
239.303
245.389
251.374
257.244
262.984
268.58
274.02
279.288
284.372
289.259
293.936
298.394
302.62
306.604
310.335
313.804
317.005
319.929
322.571
324.928
326.994
328.765
330.238
331.412
332.284
332.855
333.124
333.087
332.744
332.102
331.169
329.959
328.466
326.695
324.651
322.343
319.78
316.972
313.929
310.661
307.18
303.496
299.621
295.564
291.34
286.958
282.433
277.776
273
268.12
263.147
258.097
252.981
247.815
242.612
237.383
232.141
226.897
221.662
216.445
211.254
206.102
200.998
195.953
190.976
186.079
181.278
176.595
172.057
167.695
163.552
159.686
156.175
153.124
150.687
148.957
148.326
147.989
147.588
0
0.901099
1.10989
1.43872
1.66829
1.80381
1.88016
1.91778
1.93071
1.92986
1.92331
1.91622
1.912
1.91256
1.91957
1.93409
1.957
1.98927
2.03183
2.08585
2.1527
2.23395
2.33136
2.44686
2.58263
2.74094
2.92427
3.13521
3.37647
3.65073
3.96072
4.309
4.69802
5.12999
5.60693
6.13075
6.70338
7.32697
8.00389
8.73682
9.52855
10.382
11.3001
12.2853
13.3409
14.4692
15.6725
16.9531
18.3138
19.7579
21.2888
22.9104
24.627
26.4428
28.3625
30.3908
32.5328
34.7938
37.1794
39.6953
42.3474
45.1416
48.0839
51.1801
54.4357
57.8563
61.4468
65.2121
69.1563
73.2831
77.5958
82.0968
86.7878
91.6701
96.7438
102.008
107.463
113.104
118.929
124.934
131.114
137.463
143.974
150.639
157.449
164.396
171.468
178.654
185.943
193.321
200.774
208.289
215.851
223.444
231.051
238.655
246.239
253.785
261.276
268.696
276.029
283.258
290.366
297.338
304.156
310.804
317.266
323.526
329.569
335.381
340.946
346.252
351.285
356.034
360.488
364.633
368.463
371.967
375.14
377.976
380.47
382.617
384.414
385.859
386.951
387.689
388.073
388.103
387.777
387.099
386.073
384.713
383.033
381.024
378.695
376.054
373.113
369.882
366.374
362.602
358.578
354.315
349.826
345.125
340.224
335.139
329.882
324.47
318.916
313.235
307.443
301.556
295.588
289.556
283.475
277.359
271.224
265.081
258.944
252.825
246.733
240.679
234.676
228.736
222.871
217.092
211.414
205.855
200.437
195.19
190.148
185.358
180.878
176.787
173.182
170.198
167.886
166.595
165.387
164.23
0
0.923813
1.02187
1.2997
1.49924
1.61502
1.67489
1.69727
1.69521
1.6792
1.65696
1.63455
1.61593
1.60405
1.60079
1.60756
1.62551
1.65573
1.69921
1.75712
1.83064
1.92107
2.02986
2.15862
2.30919
2.48353
2.68384
2.91244
3.17186
3.46472
3.79375
4.16167
4.57124
5.02514
5.52603
6.07651
6.67921
7.33697
8.05286
8.83022
9.67254
10.5833
11.5665
12.6263
13.7669
14.9916
16.3045
17.7098
19.2115
20.8149
22.5254
24.3489
26.2913
28.3588
30.5574
32.8935
35.3739
38.0057
40.796
43.7524
46.8822
50.1928
53.6913
57.3846
61.2793
65.3814
69.6965
74.2294
78.9845
83.9651
89.174
94.613
100.283
106.183
112.313
118.671
125.252
132.054
139.069
146.292
153.715
161.329
169.125
177.092
185.218
193.489
201.894
210.416
219.041
227.751
236.531
245.362
254.227
263.107
271.982
280.832
289.637
298.376
307.029
315.579
324.005
332.289
340.41
348.351
356.093
363.618
370.909
377.946
384.715
391.199
397.382
403.25
408.789
413.987
418.831
423.309
427.412
431.132
434.463
437.399
439.934
442.065
443.79
445.106
446.014
446.514
446.608
446.296
445.58
444.462
442.95
441.063
438.814
436.186
433.2
429.866
426.196
422.205
417.907
413.318
408.451
403.322
397.946
392.339
386.517
380.495
374.291
367.92
361.401
354.749
347.983
341.119
334.176
327.17
320.119
313.039
305.946
298.855
291.778
284.729
277.72
270.763
263.87
257.056
250.335
243.72
237.227
230.876
224.691
218.702
212.948
207.475
202.343
197.628
193.416
189.823
186.867
184.866
182.779
180.913
0
0.936621
0.912849
1.1293
1.28974
1.37865
1.41722
1.42144
1.40387
1.37478
1.34224
1.31179
1.28746
1.27215
1.26789
1.27619
1.29814
1.33466
1.38656
1.45468
1.53993
1.64333
1.76607
1.90952
2.0753
2.26523
2.48148
2.72631
3.00229
3.31215
3.65879
4.04525
4.47474
4.95059
5.47619
6.05501
6.69077
7.3871
8.14829
8.97887
9.88357
10.868
11.9363
13.0938
14.3456
15.6978
17.1568
18.7289
20.4206
22.2393
24.1927
26.2886
28.5351
30.9401
33.5113
36.2571
39.186
42.3071
45.6293
49.1617
52.9128
56.8913
61.1049
65.5613
70.267
75.2281
80.4499
85.9367
91.6918
97.7176
104.015
110.585
117.425
124.534
131.907
139.541
147.429
155.563
163.936
172.537
181.355
190.379
199.595
208.988
218.544
228.246
238.077
248.018
258.051
268.155
278.312
288.499
298.696
308.881
319.031
329.124
339.136
349.044
358.828
368.464
377.932
387.21
396.277
405.112
413.696
422.008
430.031
437.745
445.133
452.177
458.862
465.173
471.095
476.615
481.72
486.4
490.645
494.448
497.803
500.704
503.146
505.126
506.643
507.696
508.287
508.419
508.091
507.309
506.08
504.398
502.28
499.753
496.814
493.457
489.706
485.573
481.073
476.223
471.04
465.541
459.743
453.664
447.32
440.729
433.911
426.882
419.661
412.268
404.722
397.04
389.244
381.351
373.381
365.354
357.288
349.201
341.11
333.031
324.979
316.967
309.008
301.116
293.305
285.589
277.986
270.508
263.175
256.007
249.03
242.276
235.784
229.6
223.784
218.407
213.545
209.296
205.651
202.91
199.951
197.424
0
0.945524
0.797227
0.948765
1.06552
1.12229
1.13542
1.11974
1.08701
1.04719
1.00797
0.974917
0.951819
0.941093
0.944262
0.96229
0.995812
1.04533
1.11132
1.19433
1.295
1.41417
1.5529
1.71247
1.89448
2.10082
2.3337
2.59564
2.88948
3.21833
3.58564
3.99495
4.4503
4.95588
5.51619
6.13606
6.82078
7.57641
8.40806
9.32157
10.3232
11.4187
12.616
13.9227
15.3468
16.8971
18.5823
20.4112
22.3934
24.5387
26.8568
29.358
32.052
34.9484
38.0569
41.3879
44.9519
48.7595
52.821
57.1462
61.7444
66.6241
71.793
77.2578
83.0243
89.097
95.4797
102.174
109.182
116.503
124.135
132.075
140.319
148.862
157.695
166.811
176.199
185.849
195.747
205.881
216.234
226.793
237.538
248.454
259.519
270.715
282.02
293.413
304.871
316.371
327.892
339.41
350.899
362.335
373.694
384.951
396.079
407.056
417.856
428.457
438.836
448.968
458.833
468.408
477.673
486.608
495.192
503.407
511.234
518.657
525.66
532.227
538.344
543.998
549.178
553.872
558.073
561.774
564.969
567.653
569.823
571.475
572.613
573.23
573.34
572.937
572.03
570.633
568.736
566.346
563.487
560.191
556.428
552.217
547.582
542.538
537.101
531.29
525.125
518.624
511.808
504.695
497.305
489.658
481.774
473.674
465.377
456.906
448.279
439.52
430.648
421.685
412.651
403.568
394.454
385.33
376.214
367.122
358.07
349.073
340.146
331.301
322.555
313.923
305.422
297.068
288.881
280.882
273.099
265.564
258.316
251.403
244.88
238.813
233.271
228.333
223.971
220.478
216.664
213.523
0
0.956434
0.687823
0.776091
0.84792
0.870641
0.856484
0.819567
0.77197
0.723713
0.682093
0.651935
0.636131
0.636253
0.652954
0.686426
0.73664
0.803572
0.887324
0.988206
1.10675
1.24378
1.40041
1.57812
1.77875
2.00452
2.25813
2.54262
2.86153
3.21891
3.61942
4.06852
4.57144
5.13367
5.76121
6.46064
7.23908
8.10427
9.06445
10.1282
11.3041
12.6016
14.0316
15.6048
17.3328
19.2273
21.3002
23.5634
26.0295
28.7104
31.6182
34.7645
38.1602
41.8165
45.7448
49.9573
54.4655
59.2805
64.4121
69.8695
75.6603
81.791
88.267
95.0921
102.269
109.798
117.68
125.912
134.492
143.414
152.673
162.261
172.167
182.384
192.897
203.695
214.762
226.083
237.642
249.419
261.397
273.555
285.874
298.332
310.907
323.575
336.314
349.098
361.905
374.708
387.481
400.199
412.835
425.363
437.756
449.989
462.036
473.871
485.469
496.807
507.86
518.605
529.018
539.08
548.768
558.065
566.948
575.398
583.399
590.934
597.99
604.551
610.601
616.13
621.128
625.584
629.494
632.85
635.649
637.883
639.556
640.659
641.203
641.183
640.6
639.472
637.811
635.609
632.872
629.614
625.868
621.647
616.915
611.718
606.074
600
593.514
586.639
579.394
571.802
563.883
555.66
547.153
538.384
529.376
520.149
510.728
501.134
491.39
481.517
471.54
461.48
451.359
441.199
431.022
420.847
410.694
400.58
390.522
380.535
370.634
360.835
351.152
341.603
332.204
322.973
313.931
305.101
296.509
288.19
280.182
272.53
265.289
258.518
252.277
246.632
241.54
237.297
232.657
228.957
0
0.972371
0.588895
0.618695
0.646022
0.632619
0.58977
0.53213
0.472196
0.419658
0.380954
0.359712
0.357512
0.37464
0.410668
0.464858
0.536503
0.625123
0.730663
0.853472
0.994279
1.15423
1.33503
1.53898
1.76905
2.02881
2.32187
2.65255
3.02581
3.44757
3.92471
4.46464
5.07559
5.76599
6.54506
7.42279
8.41009
9.51797
10.7596
12.1482
13.6975
15.4219
17.3356
19.4539
21.7917
24.364
27.1854
30.2705
33.6338
37.2886
41.2475
45.5227
50.122
55.0585
60.3439
65.9894
72.0044
78.3966
85.1718
92.3339
99.8854
107.827
116.158
124.875
133.975
143.452
153.3
163.509
174.069
184.971
196.201
207.745
219.589
231.717
244.112
256.757
269.631
282.716
295.989
309.431
323.02
336.732
350.545
364.437
378.382
392.356
406.333
420.289
434.198
448.032
461.766
475.374
488.829
502.107
515.18
528.023
540.611
552.919
564.922
576.597
587.921
598.871
609.424
619.562
629.265
638.514
647.29
655.573
663.347
670.598
677.316
683.486
689.092
694.125
698.579
702.445
705.719
708.393
710.471
711.937
712.808
713.067
712.743
711.788
710.282
708.19
705.527
702.297
698.507
694.183
689.371
684.024
678.156
671.811
665.006
657.76
650.093
642.029
633.59
624.8
615.682
606.258
596.552
586.587
576.386
565.973
555.372
544.607
533.701
522.679
511.564
500.379
489.148
477.893
466.636
455.398
444.199
433.056
421.986
411.006
400.131
389.376
378.757
368.293
357.999
347.895
338.002
328.343
318.946
309.844
301.074
292.681
284.715
277.231
270.279
263.918
258.093
253.109
247.668
243.48
0
0.985268
0.506795
0.489358
0.478009
0.433083
0.366694
0.294497
0.229246
0.179836
0.151218
0.145275
0.161974
0.200305
0.258894
0.336407
0.431911
0.545231
0.676885
0.827937
0.999974
1.19516
1.41664
1.66864
1.95631
2.28543
2.66256
3.09467
3.59033
4.15969
4.81436
5.56679
6.43006
7.41835
8.54632
9.83063
11.2893
12.9424
14.8088
16.9071
19.2553
21.8719
24.7752
27.9839
31.5158
35.3862
39.6084
44.196
49.1618
54.5164
60.2705
66.4265
72.9916
79.9764
87.3865
95.2247
103.491
112.182
121.294
130.82
140.754
151.085
161.804
172.897
184.353
196.156
208.293
220.746
233.501
246.539
259.843
273.393
287.17
301.156
315.329
329.67
344.158
358.769
373.484
388.279
403.132
418.022
432.924
447.818
462.677
477.479
492.198
506.808
521.286
535.608
549.752
563.693
577.406
590.866
604.051
616.936
629.5
641.719
653.57
665.03
676.079
686.694
696.858
706.552
715.76
724.466
732.65
740.298
747.392
753.929
759.895
765.276
770.055
774.228
777.785
780.723
783.039
784.72
785.786
786.206
786.02
785.166
783.716
781.641
778.956
775.673
771.804
767.352
762.338
756.808
750.767
744.155
737.037
729.441
721.385
712.89
703.978
694.672
684.998
674.979
664.641
654.007
643.1
631.945
620.566
608.989
597.237
585.336
573.31
561.184
548.981
536.726
524.442
512.151
499.877
487.639
475.457
463.35
451.334
439.425
427.639
415.991
404.498
393.177
382.045
371.117
360.419
349.975
339.812
329.963
320.466
311.361
302.695
294.52
286.879
279.823
273.291
267.601
261.394
256.829
0
0.989488
0.446524
0.400656
0.362889
0.296555
0.216673
0.140091
0.0790742
0.0408478
0.0282782
0.0413621
0.0788
0.139035
0.220609
0.322401
0.444196
0.587114
0.753631
0.947055
1.17124
1.43108
1.73338
2.08732
2.50386
2.99499
3.57256
4.25064
5.04582
5.97833
7.07092
8.34833
9.83514
11.5532
13.5257
15.7781
18.3371
21.2294
24.4799
28.1101
32.1389
36.5811
41.4513
46.7634
52.5284
58.7558
65.4522
72.6206
80.2661
88.3775
96.9466
105.96
115.437
125.364
135.731
146.521
157.72
169.309
181.27
193.586
206.238
219.206
232.472
246.016
259.818
273.859
288.12
302.582
317.226
332.033
346.985
362.061
377.245
392.516
407.857
423.25
438.674
454.111
469.543
484.949
500.311
515.609
530.824
545.936
560.925
575.769
590.448
604.941
619.226
633.284
647.095
660.64
673.895
686.837
699.445
711.699
723.581
735.071
746.149
756.796
766.993
776.728
785.982
794.733
802.969
810.672
817.825
824.413
830.413
835.814
840.611
844.803
848.375
851.325
853.637
855.327
856.383
856.786
856.588
855.697
854.203
852.08
849.33
845.967
842.005
837.443
832.292
826.562
820.287
813.53
806.212
798.34
789.978
781.148
771.87
762.163
752.051
741.56
730.715
719.539
708.06
696.3
684.284
672.037
659.582
646.947
634.156
621.234
608.206
595.096
581.929
568.728
555.517
542.318
529.153
516.042
503.004
490.057
477.217
464.5
451.922
439.498
427.244
415.176
403.313
391.675
380.28
369.153
358.322
347.818
337.677
327.937
318.644
309.843
301.572
293.879
286.697
280.367
273.452
268.628
0
0.977681
0.407539
0.354184
0.302522
0.225777
0.143639
0.0729187
0.0241197
0.00218103
0.00798014
0.0403032
0.0978051
0.179859
0.286339
0.41769
0.576536
0.768661
1.00253
1.28787
1.63488
2.05577
2.56961
3.20083
3.97802
4.93162
6.09226
7.48943
9.15819
11.1384
13.4712
16.1976
19.3539
22.9696
27.0731
31.6873
36.8331
42.5253
48.774
55.5843
62.9649
70.9131
79.4225
88.4837
98.0882
108.224
118.863
129.98
141.513
153.449
165.784
178.521
191.623
205.06
218.8
232.813
247.073
261.553
276.229
291.079
306.082
321.22
336.471
351.82
367.248
382.741
398.283
413.86
429.459
445.066
460.669
476.253
491.808
507.32
522.777
538.167
553.475
568.69
583.797
598.785
613.639
628.345
642.887
657.25
671.421
685.384
699.125
712.624
725.862
738.823
751.495
763.86
775.9
787.597
798.93
809.891
820.46
830.618
840.342
849.617
858.412
866.705
874.491
881.759
888.495
894.687
900.323
905.394
909.898
913.832
917.156
919.881
921.993
923.486
924.335
924.575
924.198
923.132
921.498
919.211
916.308
912.779
908.639
903.889
898.546
892.616
886.109
879.05
871.5
863.462
854.842
845.715
836.115
826.066
815.589
804.709
793.448
781.832
769.885
757.635
745.105
732.319
719.302
706.078
692.67
679.105
665.408
651.603
637.716
623.769
609.787
595.792
581.807
567.853
553.95
540.118
526.375
512.737
499.22
485.839
472.609
459.546
446.663
433.978
421.509
409.268
397.28
385.569
374.163
363.093
352.391
342.095
332.246
322.887
314.051
305.783
298.014
291.11
283.556
278.555
0
0.944714
0.398106
0.357789
0.301928
0.223199
0.146478
0.0871117
0.0529244
0.0467103
0.0683787
0.117403
0.19531
0.305889
0.454263
0.647535
0.899605
1.23473
1.68595
2.29092
3.08893
4.12552
5.45915
7.15902
9.2968
11.9415
15.1543
18.9894
23.5015
28.7313
34.7111
41.4622
48.9863
57.2887
66.3759
76.2325
86.8261
98.1115
110.04
122.567
135.707
149.374
163.514
178.063
192.895
207.965
223.286
238.829
254.578
270.504
286.551
302.684
318.871
335.081
351.289
367.474
383.619
399.709
415.731
431.675
447.534
463.3
478.968
494.531
509.987
525.331
540.56
555.67
570.66
585.526
600.266
614.876
629.352
643.689
657.88
671.92
685.804
699.527
713.085
726.468
739.669
752.677
765.481
778.069
790.434
802.568
814.459
826.092
837.453
848.527
859.317
869.795
879.947
889.751
899.171
908.19
916.8
924.992
932.752
940.067
946.946
953.371
959.309
964.742
969.648
974.02
977.857
981.142
983.858
986.008
987.553
988.525
988.913
988.715
987.847
986.43
984.415
981.765
978.528
974.677
970.231
965.18
959.542
953.327
946.548
939.208
931.332
922.945
914.141
904.803
894.937
884.607
873.862
862.709
851.16
839.239
826.967
814.37
801.47
788.295
774.868
761.214
747.355
733.313
719.114
704.783
690.344
675.823
661.241
646.623
631.991
617.366
602.77
588.223
573.743
559.348
545.056
530.88
516.835
502.936
489.198
475.634
462.259
449.089
436.139
423.425
410.968
398.792
386.925
375.395
364.234
353.476
343.159
333.324
324.002
315.237
306.956
299.553
291.443
286.324
0
0.886823
0.437949
0.425852
0.364947
0.282956
0.209874
0.157781
0.131184
0.13155
0.160848
0.227353
0.351453
0.566453
0.917249
1.45954
2.27638
3.48236
5.21375
7.60728
10.7884
14.882
20.0158
26.2906
33.7868
42.5458
52.5869
63.9344
76.5975
90.5056
105.542
121.561
138.396
155.945
174.292
193.186
212.473
232.007
251.622
271.098
290.414
309.635
328.749
347.73
366.597
385.299
403.757
421.929
439.786
457.323
474.533
491.418
507.977
524.213
540.133
555.743
571.054
586.074
600.818
615.294
629.508
643.477
657.212
670.722
684.017
697.105
709.993
722.691
735.205
747.54
759.702
771.692
783.515
795.173
806.666
817.99
829.148
840.142
850.974
861.633
872.118
882.421
892.534
902.45
912.177
921.697
930.996
940.062
948.868
957.383
965.599
973.514
981.123
988.406
995.383
1002.02
1008.29
1014.16
1019.64
1024.69
1029.3
1033.47
1037.19
1040.44
1043.18
1045.42
1047.17
1048.41
1049.11
1049.31
1048.89
1047.95
1046.47
1044.41
1041.76
1038.56
1034.8
1030.47
1025.58
1020.12
1014.14
1007.63
1000.57
992.983
984.861
976.214
967.081
957.527
947.532
937.02
926.048
914.654
902.841
890.654
878.113
865.239
852.055
838.582
824.844
810.867
796.675
782.289
767.732
753.024
738.189
723.251
708.236
693.166
678.063
662.947
647.842
632.765
617.737
602.775
587.896
573.116
558.449
543.907
529.505
515.254
501.17
487.265
473.553
460.047
446.761
433.711
420.916
408.4
396.191
384.315
372.802
361.682
350.993
340.772
331.048
321.867
313.153
305.327
296.75
291.56
0
0.825079
0.564548
0.564196
0.474211
0.373443
0.282479
0.202258
0.150915
0.165501
0.308649
0.691222
1.50879
3.02344
5.51647
9.25102
14.5554
21.7131
31.0186
42.6748
56.8446
73.6801
93.2414
115.308
139.512
165.352
192.404
220.541
249.763
279.305
308.749
337.772
365.826
392.965
418.931
443.984
468.169
491.547
514.161
536.137
557.304
577.631
597.113
615.766
633.625
650.726
667.098
682.767
697.771
712.156
725.963
739.233
752
764.298
776.162
787.621
798.71
809.455
819.896
830.043
839.912
849.538
858.939
868.133
877.133
885.949
894.595
903.086
911.435
919.65
927.738
935.705
943.557
951.301
958.939
966.471
973.903
981.247
988.502
995.641
1002.66
1009.57
1016.33
1022.93
1029.36
1035.62
1041.7
1047.59
1053.31
1058.85
1064.16
1069.22
1074.02
1078.55
1082.77
1086.67
1090.25
1093.49
1096.37
1098.88
1101
1102.74
1104.07
1104.97
1105.39
1105.35
1104.9
1103.97
1102.56
1100.67
1098.27
1095.42
1092.09
1088.26
1083.9
1079.03
1073.65
1067.74
1061.33
1054.4
1046.93
1038.95
1030.48
1021.52
1012.07
1002.16
991.838
981.156
970.003
958.414
946.424
934.066
921.366
908.336
894.996
881.365
867.465
853.315
838.938
824.36
809.603
794.688
779.634
764.462
749.194
733.854
718.465
703.048
687.624
672.212
656.832
641.5
626.235
611.052
595.963
580.983
566.125
551.397
536.812
522.382
508.121
494.038
480.147
466.46
452.989
439.747
426.754
414.032
401.61
389.512
377.764
366.395
355.44
344.935
334.906
325.404
316.349
308.187
299.246
294.024
0
0.742122
0.848266
0.812032
0.576026
0.34994
0.152633
0.140758
0.745646
2.55512
6.15727
12.2282
21.5746
35.091
53.6769
78.0674
109.127
146.572
189.409
235.954
284.882
335.878
388.238
439.645
489.107
535.49
578.404
618.118
654.304
687.752
718.779
747.562
774.581
799.802
823.101
844.538
864.108
882.05
898.513
913.64
927.518
940.229
951.852
962.471
972.191
981.111
989.307
996.843
1003.78
1010.18
1016.11
1021.61
1026.74
1031.54
1036.04
1040.3
1044.34
1048.18
1051.91
1055.47
1058.88
1062.23
1065.51
1068.72
1071.89
1075.01
1078.11
1081.2
1084.29
1087.39
1090.49
1093.6
1096.72
1099.85
1102.99
1106.13
1109.26
1112.37
1115.49
1118.56
1121.61
1124.63
1127.63
1130.62
1133.55
1136.39
1139.13
1141.78
1144.28
1146.61
1148.77
1150.72
1152.49
1154.03
1155.33
1156.38
1157.18
1157.7
1157.93
1157.86
1157.46
1156.75
1155.72
1154.36
1152.62
1150.48
1147.96
1145.04
1141.69
1137.92
1133.69
1128.96
1123.79
1118.17
1112.1
1105.57
1098.58
1091.13
1083.22
1074.87
1066.07
1056.83
1047.15
1037.04
1026.49
1015.53
1004.27
992.608
980.538
968.098
955.313
942.207
928.795
915.097
901.134
886.924
872.488
857.845
843.017
828.028
812.9
797.652
782.302
766.868
751.372
735.835
720.28
704.726
689.191
673.692
658.246
642.869
627.575
612.376
597.282
582.305
567.454
552.736
538.161
523.74
509.487
495.407
481.514
467.817
454.326
441.054
428.018
415.241
402.751
390.571
378.722
367.23
356.128
345.453
335.229
325.508
316.212
307.804
298.606
293.379
0
1.56982
1.76056
0.671267
0.0670095
1.35293
5.93001
15.18
31.6321
58.6346
99.7713
158.747
235.572
325.202
423.1
524.157
629.763
730.562
823.033
903.798
974.058
1034.54
1085.46
1129.06
1166.97
1200.31
1229.77
1255.28
1276.88
1294.86
1309.65
1321.64
1331.22
1338.76
1344.5
1348.63
1350.91
1352.07
1352.19
1351.4
1349.86
1347.65
1344.86
1341.56
1337.84
1333.76
1329.41
1324.84
1320.11
1315.28
1310.38
1305.45
1300.54
1295.66
1290.86
1286.14
1281.54
1277.07
1272.75
1268.58
1264.56
1260.71
1257.04
1253.54
1250.21
1247.04
1244.05
1241.23
1238.59
1236.12
1233.82
1231.71
1229.76
1227.97
1226.34
1224.9
1223.63
1222.5
1221.49
1220.56
1219.71
1218.94
1218.21
1217.53
1216.86
1216.2
1215.52
1214.81
1214.06
1213.24
1212.33
1211.35
1210.27
1209.07
1207.72
1206.2
1204.49
1202.58
1200.44
1198.07
1195.45
1192.54
1189.29
1185.74
1181.88
1177.69
1173.18
1168.31
1163.09
1157.51
1151.54
1145.21
1138.49
1131.37
1123.87
1115.96
1107.65
1098.94
1089.83
1080.31
1070.4
1060.09
1049.38
1038.29
1026.82
1015.05
1002.96
990.515
977.739
964.651
951.274
937.627
923.726
909.59
895.236
880.681
865.945
851.045
836.001
820.837
805.576
790.232
774.823
759.364
743.877
728.381
712.897
697.441
682.029
666.676
651.396
636.203
621.106
606.115
591.237
576.48
561.849
547.351
532.991
518.783
504.736
490.853
477.146
463.624
450.294
437.167
424.257
411.589
399.19
387.081
375.277
363.802
352.687
341.971
331.672
321.849
312.425
303.87
294.536
289.323
0
1.21856
1.99653
12.5613
38.3628
91.1051
193.847
347.339
548.725
778.893
1016.39
1255.92
1469.17
1636.9
1766.92
1866.65
1934.93
1983.55
2017.76
2042.92
2060.05
2071.2
2075.29
2072.84
2067.08
2057.58
2045.26
2030.68
2014.06
1995.72
1976.05
1955.39
1934.13
1912.55
1890.81
1869.09
1847.27
1825.54
1803.98
1782.66
1761.64
1740.96
1720.65
1700.72
1681.18
1662.09
1643.44
1625.27
1607.58
1590.4
1573.74
1557.6
1541.98
1526.9
1512.34
1498.31
1484.79
1471.79
1459.29
1447.29
1435.75
1424.67
1414.04
1403.84
1394.08
1384.78
1375.9
1367.42
1359.32
1351.61
1344.26
1337.28
1330.64
1324.33
1318.33
1312.64
1307.25
1302.12
1297.25
1292.61
1288.19
1283.95
1279.88
1275.96
1272.17
1268.48
1264.86
1261.31
1257.79
1254.27
1250.77
1247.15
1243.48
1239.75
1235.94
1232.03
1228
1223.84
1219.52
1215.04
1210.37
1205.5
1200.41
1195.1
1189.54
1183.71
1177.61
1171.22
1164.52
1157.51
1150.17
1142.5
1134.48
1126.12
1117.42
1108.37
1098.97
1089.22
1079.13
1068.69
1057.92
1046.79
1035.33
1023.53
1011.46
999.107
986.443
973.512
960.305
946.845
933.148
919.232
905.113
890.807
876.331
861.7
846.932
832.042
817.048
801.975
786.843
771.666
756.459
741.236
726.017
710.821
695.664
680.561
665.524
650.565
635.698
620.931
606.272
591.725
577.294
562.985
548.8
534.741
520.814
507.032
493.399
479.917
466.595
453.444
440.467
427.671
415.071
402.69
390.554
378.683
367.085
355.779
344.799
334.182
323.944
314.147
304.717
296.124
286.783
281.596
0
105.224
352.721
790.545
1410.45
2070.5
2798.9
3324.41
3684.95
3886.2
3974.3
3975.19
3933.13
3851.67
3773.18
3689.76
3603.76
3516.68
3429.82
3344.72
3262.06
3182.2
3104.6
3028.65
2954.92
2883.54
2814.78
2748.73
2685.3
2624.33
2565.71
2509.33
2455.15
2403.13
2353.2
2305.31
2259.28
2215.03
2172.49
2131.48
2092.04
2054.01
2017.39
1982.2
1948.32
1915.71
1884.34
1854.15
1825.12
1797.22
1770.4
1744.65
1719.91
1696.17
1673.38
1651.5
1630.52
1610.4
1591.09
1572.55
1554.77
1537.71
1521.33
1505.63
1490.57
1476.12
1462.29
1449.05
1436.39
1424.28
1412.7
1401.65
1391.09
1381
1371.38
1362.17
1353.33
1344.88
1336.79
1329.04
1321.6
1314.44
1307.53
1300.85
1294.38
1288.08
1281.93
1275.91
1269.99
1264.15
1258.39
1252.67
1246.99
1241.31
1235.62
1229.9
1224.13
1218.28
1212.34
1206.29
1200.1
1193.75
1187.23
1180.52
1173.6
1166.46
1159.1
1151.5
1143.64
1135.52
1127.12
1118.45
1109.48
1100.22
1090.67
1080.82
1070.69
1060.25
1049.52
1038.49
1027.18
1015.57
1003.66
991.53
979.147
966.49
953.616
940.514
927.196
913.677
899.972
886.096
872.065
857.894
843.597
829.189
814.686
800.1
785.45
770.757
756.041
741.315
726.592
711.887
697.215
682.594
668.037
653.556
639.159
624.857
610.66
596.574
582.602
568.744
555.002
541.376
527.869
514.478
501.209
488.073
475.073
462.202
449.475
436.9
424.477
412.211
400.117
388.213
376.526
365.07
353.848
342.876
332.19
321.824
311.792
302.159
292.856
284.342
275.139
269.983
0
6630.6
9528.04
10838.9
11099.5
10581.9
9958.64
8992.14
8266.73
7589.76
7022.58
6542.72
6121.72
5751.67
5429.05
5146.78
4894.44
4667.34
4461.1
4273.03
4101.08
3943.27
3797.51
3662.07
3535.97
3418.2
3308.05
3204.88
3108.14
3017.21
2931.58
2850.73
2774.28
2701.84
2633.13
2567.86
2505.81
2446.67
2390.28
2336.27
2284.7
2235.26
2187.95
2142.69
2099.35
2057.84
2018.09
1980.03
1943.57
1908.65
1875.19
1843.13
1812.4
1782.94
1754.7
1727.61
1701.63
1676.69
1652.74
1629.73
1607.62
1586.39
1565.99
1546.42
1527.63
1509.62
1492.35
1475.81
1459.96
1444.79
1430.27
1416.36
1403.04
1390.29
1378.07
1366.37
1355.17
1344.42
1334.1
1324.19
1314.66
1305.47
1296.59
1288
1279.66
1271.54
1263.64
1255.91
1248.35
1240.92
1233.61
1226.39
1219.25
1212.15
1205.09
1198.04
1190.99
1183.92
1176.79
1169.6
1162.32
1154.94
1147.42
1139.76
1131.94
1123.94
1115.76
1107.38
1098.79
1089.97
1080.93
1071.66
1062.15
1052.39
1042.39
1032.13
1021.64
1010.89
999.895
988.66
977.175
965.43
953.509
941.358
928.981
916.424
903.682
890.764
877.68
864.444
851.067
837.566
823.954
810.244
796.45
782.585
768.664
754.698
740.7
726.693
712.694
698.717
684.776
670.882
657.047
643.287
629.613
616.03
602.545
589.167
575.903
562.755
549.721
536.799
523.985
511.279
498.684
486.189
473.805
461.539
449.388
437.344
425.424
413.637
401.98
390.452
379.067
367.84
356.795
345.943
335.278
324.816
314.593
304.644
294.972
285.653
276.621
268.31
259.404
254.281
7349.85
9398.67
9932.25
9730.87
9345.67
8826.8
8338.82
7853.93
7420.11
6946.71
6537.24
6171.18
5833.27
5534.75
5265.07
5019.83
4792.53
4585.78
4396.31
4221.35
4059.76
3910.14
3770.93
3641.04
3519.64
3405.81
3298.91
3198.28
3103.45
3013.88
2929.22
2848.96
2772.88
2700.51
2631.73
2566.12
2503.67
2443.76
2386.66
2331.31
2279.11
2228.43
2180.28
2134.21
2089.95
2047.51
2006.82
1967.79
1930.35
1894.41
1859.91
1826.77
1794.93
1764.33
1734.91
1706.61
1679.37
1653.13
1627.84
1603.46
1579.99
1557.39
1535.64
1514.72
1494.61
1475.28
1456.71
1438.88
1421.76
1405.32
1389.54
1374.38
1359.82
1345.83
1332.39
1319.46
1307.02
1295.03
1283.48
1272.33
1261.56
1251.14
1241.05
1231.25
1221.72
1212.44
1203.39
1194.56
1185.92
1177.45
1169.14
1160.97
1152.91
1144.95
1137.05
1129.2
1121.38
1113.57
1105.74
1097.88
1089.96
1081.97
1073.89
1065.71
1057.4
1048.96
1040.37
1031.62
1022.7
1013.6
1004.31
994.84
985.173
975.306
965.251
954.98
944.537
933.863
923.002
911.944
900.685
889.285
877.662
865.884
853.961
841.893
829.688
817.358
804.909
792.357
779.711
766.986
754.194
741.346
728.456
715.535
702.597
689.652
676.707
663.784
650.895
638.062
625.296
612.606
600.002
587.494
575.086
562.782
550.586
538.505
526.542
514.693
502.952
491.314
479.772
468.328
456.978
445.713
434.547
423.473
412.489
401.588
390.792
380.105
369.524
359.046
348.681
338.432
328.316
318.335
308.486
298.789
289.273
279.974
270.884
262.091
253.531
245.601
237.21
232.123
1274.77
1393.1
1537.48
1634.71
1751.11
1878.74
2016.92
2148.43
2278.74
2397.28
2504.99
2600.23
2674.27
2734.61
2776.2
2809.13
2822.81
2833.88
2829.71
2815.17
2795.54
2768.73
2735.25
2698.59
2659.66
2618.96
2577.17
2534.56
2491.65
2448.51
2405.6
2362.84
2320.64
2278.8
2237.7
2197.13
2157.43
2118.39
2080.12
2042.38
2005.55
1969.55
1934.46
1900.34
1867.12
1834.79
1803.34
1772.77
1743.06
1714.19
1686.16
1658.94
1632.51
1606.86
1581.97
1557.75
1534.24
1511.36
1489.16
1467.63
1446.75
1426.55
1407
1388.09
1369.82
1352.16
1335.09
1318.6
1302.66
1287.26
1272.38
1258
1244.11
1230.67
1217.68
1205.11
1192.94
1181.16
1169.73
1158.64
1147.85
1137.36
1127.15
1117.2
1107.49
1098.02
1088.77
1079.74
1070.9
1062.24
1053.74
1045.39
1037.17
1029.05
1021.01
1013.03
1005.09
997.163
989.243
981.306
973.338
965.32
957.24
949.082
940.835
932.487
924.028
915.446
906.734
897.885
888.894
879.762
870.475
861.046
851.478
841.731
831.901
821.823
811.665
801.374
790.883
780.291
769.581
758.763
747.841
736.823
725.718
714.535
703.281
691.972
680.613
669.22
657.8
646.367
634.931
623.503
612.095
600.714
589.364
578.059
566.805
555.638
544.565
533.599
522.737
511.983
501.335
490.794
480.365
470.05
459.844
449.742
439.73
429.806
419.956
410.188
400.495
390.865
381.328
371.829
362.396
353.034
343.758
334.547
325.423
316.386
307.423
298.516
289.678
280.885
272.166
263.556
255.051
246.693
238.467
230.479
222.65
215.35
207.729
202.718
147.698
160.979
176.491
195.602
219.691
246.739
275.71
306.622
340.376
376.683
415.408
457.313
501.244
547.988
596.21
646.511
697.544
749.23
801.689
852.868
904.037
954.371
1004.49
1052
1096.81
1138.45
1176.96
1211.93
1243.59
1271.56
1296.3
1317.35
1335.44
1349.99
1362.02
1370.72
1377.32
1380.29
1380.94
1378.97
1376.15
1371.94
1366.52
1360.05
1352.64
1344.4
1335.42
1325.8
1315.62
1304.96
1293.88
1282.47
1270.78
1258.86
1246.82
1234.58
1222.3
1209.89
1197.53
1185.19
1172.91
1160.71
1148.62
1136.67
1124.87
1113.23
1101.75
1090.44
1079.32
1068.39
1057.65
1047.1
1036.76
1026.61
1016.66
1006.91
997.361
987.993
978.794
969.759
960.885
952.173
943.622
935.233
927.001
918.923
911.002
903.228
895.591
888.077
880.672
873.36
866.126
858.953
851.824
844.723
837.639
830.558
823.468
816.358
809.216
802.031
794.795
787.497
780.13
772.686
765.159
757.541
749.827
742.015
734.097
726.081
717.947
709.721
701.42
692.954
684.453
675.827
667.051
658.224
649.295
640.295
631.22
622.078
612.877
603.625
594.327
584.992
575.625
566.241
556.842
547.447
538.058
528.69
519.347
510.037
500.776
491.563
482.399
473.293
464.233
455.287
446.444
437.727
429.116
420.604
412.188
403.87
395.652
387.53
379.492
371.528
363.626
355.788
347.994
340.263
332.577
324.94
317.388
309.778
302.231
294.769
287.368
279.941
272.597
265.342
258.093
250.814
243.54
236.194
228.874
221.639
214.413
207.248
200.153
193.236
186.385
179.962
173.333
168.519
24.5118
26.0231
27.8359
29.7559
32.0821
34.7497
37.6583
40.8715
44.5689
48.8445
53.7498
59.3256
65.5792
72.5894
80.37
88.9786
98.4352
108.751
120.006
132.12
145.211
159.207
174.23
190.209
207.186
225.032
243.819
263.346
283.727
304.656
326.32
348.269
370.814
393.308
416.271
438.758
461.718
484.544
507.429
529.51
550.769
571.112
590.467
608.764
625.964
642.023
656.928
670.658
683.221
694.629
704.889
714.072
722.125
729.274
735.195
739.822
743.635
746.18
748.637
750.017
750.879
751.259
751.149
750.573
749.56
748.139
746.339
744.194
741.729
738.975
735.957
732.704
729.236
725.581
721.754
717.783
713.686
709.479
705.163
700.757
696.274
691.735
687.147
682.523
677.867
673.18
668.473
663.738
658.988
654.209
649.401
644.561
639.687
634.774
629.821
624.826
619.785
614.698
609.56
604.368
599.119
593.81
588.439
583.003
577.5
571.927
566.284
560.566
554.775
548.909
542.965
536.957
530.848
524.745
518.508
512.229
505.864
499.439
492.949
486.417
479.83
473.2
466.532
459.83
453.103
446.353
439.59
432.819
426.039
419.27
412.506
405.772
399.062
392.391
385.757
379.163
372.627
366.138
359.7
353.315
346.967
340.738
334.593
328.572
322.632
316.765
310.971
305.252
299.602
294.009
288.456
282.941
277.451
271.999
266.556
261.157
255.761
250.41
245.123
239.7
234.338
229.052
223.788
218.411
213.098
207.848
202.534
197.082
191.609
185.931
180.258
174.644
168.931
163.17
157.463
151.86
146.214
140.89
135.45
131.027
3.0787
3.30705
3.5728
3.77642
4.00221
4.31672
4.69584
5.10985
5.56721
6.07217
6.62808
7.22778
7.88203
8.60736
9.41965
10.3359
11.3712
12.5407
13.8629
15.3569
17.0426
18.9369
21.0612
23.4312
26.0636
28.9703
32.1689
35.6645
39.4796
43.6086
48.081
52.8786
58.0409
63.5352
69.4093
75.6194
82.2073
89.1489
96.4754
104.162
112.199
120.561
129.233
138.188
147.409
156.858
166.517
176.333
186.297
196.332
206.451
216.533
226.652
236.585
246.582
256.571
266.436
276.197
285.626
294.669
303.287
311.483
319.252
326.588
333.486
339.945
345.965
351.551
356.704
361.437
365.751
369.666
373.182
376.326
379.093
381.525
383.595
385.256
386.509
387.428
388.04
388.379
388.456
388.312
387.928
387.382
386.703
385.865
384.887
383.756
382.479
381.054
379.496
377.802
375.986
374.05
371.999
369.839
367.573
365.207
362.743
360.187
357.541
354.81
351.996
349.102
346.133
343.09
339.977
336.796
333.55
330.248
326.877
323.472
320.01
316.506
312.953
309.361
305.725
302.059
298.36
294.637
290.894
287.134
283.362
279.583
275.804
272.029
268.253
264.497
260.748
257.033
253.336
249.675
246.038
242.429
238.864
235.323
231.81
228.33
224.785
221.427
218.104
214.958
211.82
208.702
205.624
202.584
199.566
196.554
193.542
190.538
187.533
184.546
181.529
178.544
175.507
172.514
169.555
166.102
162.938
159.973
156.93
153.409
150.196
147.221
143.882
140.431
136.876
132.971
129.109
125.402
121.347
117.177
113.025
108.899
104.615
100.568
96.4202
92.6831
0.253163
0.267123
0.286186
0.300962
0.320725
0.360203
0.416389
0.4807
0.551738
0.630745
0.716701
0.807308
0.901636
1.00052
1.10515
1.21646
1.33544
1.46342
1.60202
1.75401
1.92143
2.10743
2.31401
2.54459
2.80247
3.09387
3.4206
3.78902
4.20341
4.66842
5.1902
5.77336
6.42508
7.14964
7.95507
8.84552
9.82924
10.9122
12.102
13.404
14.8222
16.3603
18.0219
19.8096
21.7255
23.7706
25.9461
28.2512
30.6865
33.249
35.9391
38.751
41.6844
44.7311
47.8852
51.1498
54.5153
57.9802
61.5362
65.1661
68.8561
72.5941
76.3677
80.1647
83.9723
87.7789
91.5713
95.3381
99.0655
102.743
106.358
109.901
113.357
116.723
119.98
123.132
126.157
129.124
132.004
134.775
137.428
139.944
142.324
144.547
146.634
148.536
150.247
151.732
153.143
154.326
155.36
156.253
157.006
157.625
158.125
158.506
158.771
158.927
158.978
158.93
158.786
158.552
158.232
157.831
157.353
156.802
156.184
155.5
154.757
153.957
153.104
152.205
151.255
150.274
149.247
148.196
147.103
145.991
144.843
143.681
142.489
141.289
140.069
138.837
137.602
136.354
135.108
133.834
132.544
131.258
129.967
128.693
127.42
126.162
124.913
123.668
122.45
121.229
120.029
118.814
117.636
116.487
115.367
114.339
113.31
112.311
111.33
110.39
109.462
108.528
107.582
106.639
105.681
104.734
103.734
102.763
101.698
100.685
99.5881
98.3926
97.1745
95.903
94.5871
93.161
91.7271
90.1679
88.5815
86.5648
84.8131
82.4388
80.3121
78.212
75.9314
73.2058
70.8831
68.2692
65.4129
62.6966
59.9252
57.104
0.0562442
0.0532497
0.0473574
0.0393345
0.0292907
0.0199109
0.0137461
0.0112376
0.0121641
0.0166654
0.0247633
0.035987
0.0496791
0.0653575
0.082722
0.101508
0.121479
0.142485
0.164451
0.187475
0.21171
0.237299
0.264386
0.293205
0.32407
0.357354
0.393401
0.432652
0.475603
0.522762
0.574744
0.632146
0.695737
0.766215
0.844557
0.93158
1.02853
1.13627
1.25587
1.38876
1.53703
1.70173
1.88473
2.0875
2.31163
2.55886
2.83085
3.12939
3.4561
3.81269
4.20072
4.62166
5.0769
5.56761
6.09534
6.66174
7.2675
7.91389
8.60061
9.32757
10.0942
10.8994
11.7416
12.6191
13.5298
14.4718
15.4426
16.4397
17.4602
18.5014
19.5599
20.6331
21.717
22.8091
23.9047
25.0018
26.0945
27.1818
28.2613
29.3302
30.3855
31.4234
32.4418
33.4363
34.4062
35.3475
36.2578
37.129
37.9663
38.7638
39.5244
40.2162
40.9026
41.5194
42.1324
42.6923
43.2081
43.6847
44.1231
44.5242
44.889
45.2185
45.5142
45.7772
46.0092
46.2114
46.3855
46.533
46.6557
46.7549
46.8323
46.8902
46.9306
46.9543
46.9647
46.9608
46.9457
46.9176
46.8808
46.8337
46.7798
46.7212
46.6549
46.583
46.5096
46.438
46.3652
46.3056
46.2544
46.2157
46.1816
46.1604
46.1405
46.1287
46.1229
46.1151
46.1262
46.1263
46.1474
46.1489
46.1919
46.2222
46.2805
46.4078
46.5235
46.667
46.8769
47.027
47.1147
47.1448
47.1794
47.2338
47.2819
47.3344
47.3287
47.3663
47.2801
47.3465
47.1895
47.2337
47.0587
46.7491
46.6522
46.4015
45.9724
45.4749
45.112
44.4405
43.6027
42.4142
41.4549
40.4318
39.0155
37.7367
36.5145
35.1987
33.6219
32.0822
30.5344
28.6385
0.123939
0.124377
0.121139
0.114508
0.10476
0.0921687
0.0780935
0.0640839
0.0508911
0.0388791
0.0284408
0.0198651
0.0131738
0.0082076
0.00477959
0.00272305
0.00187557
0.00207305
0.00315878
0.00499735
0.00748313
0.0105268
0.0140439
0.0179682
0.0222539
0.0268821
0.0318263
0.037104
0.0427098
0.0486696
0.0550101
0.0617671
0.0689912
0.0767366
0.0850724
0.0940756
0.103834
0.114425
0.125948
0.13854
0.152356
0.167539
0.184245
0.202649
0.222936
0.245313
0.269995
0.297222
0.327231
0.360295
0.396671
0.436673
0.480563
0.528747
0.581506
0.639083
0.701956
0.770339
0.844848
0.925784
1.01356
1.1085
1.21089
1.32095
1.43889
1.56491
1.69909
1.84151
1.99217
2.15104
2.318
2.49293
2.67555
2.86564
3.06276
3.2666
3.47664
3.69267
3.91436
4.14131
4.3731
4.60912
4.84892
5.09173
5.33685
5.58332
5.83036
6.07667
6.32152
6.56509
6.79953
7.03849
7.26591
7.49494
7.71917
7.93629
8.14779
8.35342
8.5531
8.74671
8.93424
9.11568
9.29111
9.4606
9.62429
9.78235
9.93498
10.0824
10.2249
10.3628
10.4957
10.6286
10.7506
10.8828
10.9943
11.1238
11.2279
11.3523
11.4514
11.5726
11.6681
11.7875
11.8811
11.9826
12.103
12.1912
12.3127
12.3993
12.5107
12.6105
12.7238
12.8387
12.9554
13.0746
13.1974
13.3199
13.4494
13.5754
13.7123
13.8388
14.0111
14.1423
14.3194
14.5016
14.6904
14.8942
15.1044
15.3087
15.5058
15.6924
15.8746
16.0632
16.2459
16.4506
16.6442
16.8633
17.0457
17.2654
17.4325
17.6265
17.792
17.9239
18.035
18.1419
18.2007
18.2077
18.1364
18.0843
17.868
17.6211
17.29
16.6783
16.1601
15.5055
14.7927
14.0947
13.2799
12.5557
11.8117
10.7869
0.169871
0.17231
0.172413
0.169261
0.162884
0.153445
0.141664
0.128687
0.115346
0.102076
0.089257
0.0772716
0.0663596
0.0565892
0.0479419
0.0403809
0.033856
0.028296
0.0236122
0.019707
0.0164898
0.0138813
0.0118088
0.0101981
0.00898097
0.00809631
0.00749338
0.00712629
0.00695669
0.00694884
0.00707437
0.00730703
0.00762617
0.0080134
0.00845435
0.00893802
0.00945686
0.0100043
0.0105728
0.0111616
0.0117764
0.0124222
0.013106
0.0138357
0.0146223
0.0154792
0.0164224
0.0174709
0.0186459
0.0199729
0.0214781
0.023193
0.0251501
0.0273908
0.0299573
0.0328924
0.0362437
0.0400678
0.0443959
0.0493295
0.054898
0.0612225
0.0683331
0.0763433
0.0853043
0.0953142
0.106444
0.118776
0.132389
0.147362
0.163772
0.181691
0.201186
0.22233
0.245171
0.269796
0.296156
0.324484
0.354495
0.386672
0.420646
0.456788
0.494967
0.535179
0.577414
0.621695
0.668041
0.716381
0.766622
0.818683
0.872396
0.927739
0.98462
1.04298
1.10283
1.16394
1.22622
1.2896
1.35397
1.41923
1.4853
1.5521
1.61954
1.68754
1.75601
1.82489
1.89409
1.96356
2.03321
2.103
2.17284
2.24278
2.31261
2.38256
2.45215
2.52185
2.59099
2.66009
2.72847
2.79676
2.86414
2.93149
2.99765
3.06319
3.12828
3.19236
3.25625
3.31858
3.3815
3.44298
3.50532
3.56672
3.62862
3.69023
3.75201
3.81315
3.87455
3.93532
3.9974
4.05947
4.1262
4.19117
4.26107
4.33283
4.40724
4.48788
4.57452
4.65987
4.74067
4.81419
4.88615
4.96062
5.03544
5.11418
5.18833
5.26978
5.34444
5.42415
5.49364
5.5651
5.63192
5.69042
5.74365
5.78978
5.82342
5.83675
5.83032
5.80102
5.74109
5.67642
5.54187
5.35027
5.10232
4.8201
4.4635
4.11153
3.74235
3.34164
3.00399
2.52183
0.18047
0.182964
0.184274
0.183095
0.179226
0.172929
0.164625
0.154927
0.144407
0.133476
0.122483
0.111768
0.10159
0.0920946
0.0833416
0.0753555
0.0681386
0.0616727
0.0559186
0.0508267
0.0463407
0.0424119
0.0389889
0.036024
0.0334635
0.0312605
0.0293697
0.0277542
0.0263755
0.0252028
0.024204
0.0233511
0.0226198
0.0219863
0.0214295
0.0209326
0.0204772
0.0200504
0.0196364
0.0192228
0.0187977
0.0183536
0.0178836
0.017382
0.0168436
0.0162653
0.0156443
0.0149795
0.0142711
0.0135199
0.0127287
0.0119019
0.0110452
0.0101668
0.00927724
0.00838846
0.00751395
0.00666972
0.00587414
0.00514676
0.00450952
0.00398695
0.00360789
0.00340364
0.0034081
0.00365714
0.00418994
0.00504906
0.00627821
0.00792426
0.0100352
0.0126607
0.0158513
0.0196595
0.0241395
0.0293459
0.0353309
0.0421478
0.049849
0.058491
0.0681254
0.0788023
0.0905708
0.103473
0.117551
0.13285
0.149411
0.167256
0.186408
0.206896
0.228736
0.251945
0.276517
0.302432
0.329669
0.358235
0.388119
0.419277
0.45167
0.485243
0.519952
0.555728
0.592519
0.630241
0.668823
0.708166
0.7482
0.788818
0.829934
0.871427
0.913212
0.955175
0.997192
1.03918
1.08097
1.12254
1.16366
1.20435
1.24435
1.28371
1.32213
1.35973
1.39618
1.43151
1.46564
1.49836
1.52985
1.55964
1.58816
1.61489
1.64021
1.66394
1.68617
1.70682
1.72604
1.74363
1.75983
1.77446
1.78798
1.8003
1.81227
1.82278
1.83306
1.84188
1.85055
1.85892
1.86681
1.87506
1.87997
1.88476
1.88902
1.8932
1.89672
1.90032
1.90102
1.90608
1.90725
1.90718
1.90391
1.89949
1.89443
1.88753
1.87828
1.86548
1.84878
1.82539
1.79475
1.76064
1.71603
1.65739
1.5825
1.48903
1.37559
1.24418
1.0869
0.918576
0.743975
0.56527
0.402744
0.233727
0.1707
0.172424
0.173709
0.173279
0.170824
0.166594
0.160865
0.153951
0.146209
0.137958
0.129481
0.121029
0.112815
0.104978
0.097606
0.0907467
0.0844295
0.0786622
0.0734363
0.0687296
0.064516
0.0607625
0.0574416
0.0545164
0.0519538
0.0497172
0.0477753
0.0460972
0.0446565
0.0434263
0.0423807
0.0414999
0.0407621
0.040149
0.0396457
0.0392324
0.0388993
0.0386308
0.038415
0.0382409
0.0380986
0.0379805
0.0378802
0.0377929
0.0377137
0.0376396
0.0375676
0.0374967
0.0374257
0.037356
0.0372883
0.0372255
0.0371722
0.0371344
0.0371195
0.0371372
0.0371979
0.0373141
0.0374996
0.0377695
0.0381393
0.0386268
0.039253
0.0400427
0.0410175
0.0422048
0.0436335
0.0453351
0.0473437
0.0496917
0.0524202
0.0555657
0.0591658
0.0632604
0.0678923
0.0731058
0.0789417
0.0854414
0.0926471
0.100605
0.109354
0.118936
0.129385
0.140741
0.153038
0.166309
0.180586
0.19589
0.212244
0.229666
0.248168
0.267754
0.288421
0.310153
0.332947
0.356798
0.381683
0.407568
0.434416
0.462181
0.490814
0.520254
0.550447
0.581323
0.6128
0.644792
0.677216
0.709979
0.742984
0.776123
0.809295
0.842387
0.875285
0.907873
0.940042
0.971679
1.00268
1.03291
1.06229
1.09068
1.11799
1.14413
1.16899
1.19245
1.21446
1.23492
1.25378
1.27094
1.28637
1.29993
1.31163
1.32143
1.32937
1.3354
1.3396
1.3419
1.34239
1.34106
1.33808
1.33341
1.32729
1.31946
1.31007
1.29885
1.28639
1.27252
1.25762
1.24181
1.22501
1.20708
1.18837
1.16872
1.1485
1.12759
1.10576
1.08362
1.06081
1.03734
1.01312
0.988166
0.962796
0.936888
0.910378
0.882899
0.854433
0.824874
0.794382
0.763092
0.73113
0.69643
0.659545
0.620006
0.578339
0.534307
0.489597
0.446151
0.406847
0.37743
0.346528
0.368374
0.153931
0.154778
0.155625
0.1553
0.153466
0.150347
0.146152
0.141062
0.135287
0.129054
0.122572
0.116026
0.109576
0.103342
0.0974062
0.0918253
0.0866346
0.0818523
0.0774836
0.0735212
0.0699523
0.0667598
0.0639232
0.0614195
0.0592246
0.0573108
0.0556565
0.0542373
0.0530336
0.0520226
0.0511875
0.0505094
0.0499734
0.0495655
0.0492714
0.0490784
0.0489755
0.0489492
0.0489949
0.049099
0.0492581
0.0494643
0.0497148
0.0500046
0.0503325
0.0506954
0.0510936
0.0515265
0.0519959
0.052503
0.053052
0.0536456
0.0542884
0.054988
0.0557533
0.0565932
0.0575194
0.0585435
0.0596793
0.0609407
0.062344
0.0639049
0.0656446
0.0675823
0.0697414
0.0721428
0.0748133
0.0777815
0.081072
0.0847199
0.0887573
0.093215
0.0981239
0.10352
0.10944
0.115922
0.122995
0.130698
0.139065
0.148132
0.157934
0.168502
0.179866
0.192056
0.205097
0.219017
0.233839
0.249578
0.266246
0.283858
0.30241
0.321909
0.34234
0.363698
0.385961
0.409121
0.433143
0.458004
0.48365
0.510047
0.537127
0.564847
0.593137
0.621945
0.651176
0.680755
0.710585
0.740593
0.770667
0.800723
0.830642
0.860341
0.889684
0.918586
0.946912
0.974587
1.00147
1.02748
1.05249
1.07642
1.09915
1.12062
1.14072
1.15937
1.17648
1.19199
1.20582
1.21788
1.22815
1.23653
1.24303
1.2476
1.25028
1.25101
1.24989
1.24684
1.24199
1.23526
1.22685
1.21664
1.20484
1.19123
1.176
1.15902
1.14071
1.1209
1.10003
1.07808
1.05543
1.03183
1.00766
0.982605
0.957196
0.931157
0.904961
0.878503
0.852196
0.82587
0.799907
0.774184
0.749202
0.72488
0.701669
0.679507
0.658996
0.64033
0.624777
0.612148
0.604087
0.599863
0.601933
0.611142
0.630517
0.661157
0.707797
0.772394
0.858228
0.979196
1.09191
1.33368
0.135642
0.135673
0.135959
0.135456
0.133834
0.131287
0.127995
0.124063
0.119614
0.114804
0.109779
0.104678
0.0996131
0.0946805
0.0899489
0.0854706
0.0812782
0.077395
0.0738282
0.0705815
0.0676471
0.0650184
0.0626794
0.0606174
0.058811
0.0572453
0.0558988
0.0547576
0.0538013
0.0530171
0.0523875
0.0519005
0.0515421
0.0513034
0.0511681
0.0511312
0.0511783
0.0513066
0.0515023
0.0517636
0.0520832
0.052458
0.052884
0.0533598
0.0538832
0.0544545
0.0550737
0.0557425
0.056463
0.0572395
0.0580745
0.0589729
0.0599416
0.0609871
0.062119
0.0633479
0.0646854
0.0661439
0.0677372
0.0694797
0.0713871
0.0734765
0.0757689
0.0782822
0.0810377
0.084058
0.0873693
0.0909949
0.0949596
0.0992976
0.104035
0.109203
0.11483
0.120948
0.127593
0.134796
0.142588
0.150998
0.16006
0.169802
0.180258
0.19145
0.203408
0.216154
0.229712
0.244101
0.25934
0.275443
0.292418
0.31027
0.328999
0.348601
0.369067
0.390383
0.412526
0.435478
0.459211
0.483692
0.508874
0.534709
0.561138
0.588105
0.615562
0.643441
0.67166
0.70013
0.728772
0.757499
0.786218
0.814827
0.843236
0.871336
0.899023
0.926185
0.952727
0.97854
1.00352
1.02756
1.05056
1.07242
1.09307
1.11242
1.13039
1.14688
1.16182
1.17513
1.18675
1.19659
1.20465
1.21083
1.21516
1.21757
1.21811
1.21672
1.2135
1.20836
1.20145
1.19268
1.18223
1.17
1.15616
1.14064
1.12369
1.10513
1.08534
1.0642
1.04213
1.01904
0.995396
0.970968
0.946206
0.920789
0.895342
0.869588
0.844355
0.819239
0.795104
0.771642
0.749614
0.728839
0.710232
0.693649
0.680241
0.669962
0.663986
0.663106
0.669352
0.682623
0.707197
0.741966
0.795175
0.864128
0.961727
1.08559
1.25475
1.46619
1.73786
2.09354
2.43175
3.05024
0.116078
0.115463
0.115212
0.114461
0.112913
0.110733
0.108067
0.104979
0.101539
0.09784
0.0939856
0.0900647
0.0861598
0.0823362
0.0786496
0.0751393
0.0718372
0.0687607
0.0659234
0.0633279
0.0609758
0.0588605
0.0569761
0.0553105
0.0538532
0.0525895
0.0515081
0.0505937
0.0498357
0.0492203
0.0487366
0.0483732
0.048121
0.0479681
0.0479077
0.0479304
0.0480302
0.0481988
0.048431
0.0487225
0.0490686
0.0494669
0.0499148
0.0504116
0.0509564
0.0515503
0.052194
0.0528905
0.0536429
0.0544551
0.0553317
0.0562793
0.0573024
0.0584109
0.0596132
0.0609216
0.062347
0.0639033
0.0656033
0.0674633
0.0694979
0.0717278
0.0741684
0.0768422
0.0797683
0.0829718
0.0864768
0.0903023
0.0944814
0.0990378
0.104004
0.109403
0.115266
0.121625
0.128513
0.135957
0.143987
0.152633
0.161924
0.17189
0.182556
0.19395
0.206095
0.219013
0.232723
0.247245
0.262594
0.278778
0.295808
0.313679
0.332399
0.351957
0.372349
0.393549
0.415546
0.438307
0.461816
0.486026
0.510903
0.536383
0.562418
0.58895
0.615933
0.643298
0.67096
0.698839
0.726852
0.75492
0.782941
0.810828
0.838478
0.865794
0.892664
0.918998
0.944684
0.969631
0.993721
1.01686
1.03894
1.05987
1.07959
1.09801
1.11506
1.1306
1.14461
1.15697
1.16771
1.17672
1.18399
1.1894
1.19299
1.19468
1.19452
1.19245
1.18856
1.18278
1.17525
1.16588
1.15486
1.14207
1.12776
1.11175
1.09432
1.07533
1.0552
1.0338
1.01167
0.988599
0.965145
0.941174
0.917206
0.892975
0.86941
0.846023
0.824196
0.802918
0.784127
0.766557
0.752254
0.740713
0.734005
0.731065
0.735269
0.744846
0.765611
0.794429
0.840861
0.899587
0.985408
1.09013
1.23883
1.41795
1.66652
1.96908
2.38014
2.88858
3.54085
4.39952
5.21575
6.68979
0.0972472
0.0962188
0.0955738
0.0946259
0.0931277
0.0912112
0.088994
0.0865181
0.0838187
0.0809527
0.0779848
0.0749748
0.0719751
0.0690312
0.0661815
0.0634561
0.0608787
0.0584648
0.0562256
0.0541658
0.0522881
0.0505893
0.0490667
0.0477121
0.0465191
0.0454774
0.0445789
0.0438125
0.0431703
0.0426413
0.0422186
0.041891
0.0416529
0.0414941
0.0414105
0.0413931
0.0414388
0.04154
0.0416948
0.0418968
0.0421456
0.042437
0.0427718
0.0431479
0.043567
0.0440292
0.0445375
0.045094
0.0457032
0.0463695
0.0470989
0.0478963
0.0487703
0.0497282
0.050781
0.0519392
0.0532159
0.0546235
0.0561772
0.0578919
0.0597856
0.0618746
0.0641797
0.0667194
0.0695163
0.0725946
0.0759753
0.0796858
0.0837518
0.0882027
0.0930645
0.0983641
0.104131
0.110399
0.117195
0.124551
0.132494
0.141055
0.150262
0.160143
0.170725
0.182032
0.194089
0.206915
0.220533
0.234957
0.250204
0.266282
0.283195
0.300948
0.319539
0.338966
0.359214
0.380268
0.402107
0.424709
0.448046
0.472082
0.496772
0.522065
0.547903
0.574235
0.601011
0.628163
0.655602
0.683248
0.711028
0.738853
0.766631
0.794268
0.821673
0.848762
0.875421
0.901551
0.927042
0.951798
0.975693
0.998635
1.02051
1.04124
1.06076
1.07899
1.09584
1.11119
1.12499
1.13714
1.1476
1.15626
1.16312
1.16809
1.17121
1.17238
1.17171
1.16909
1.16466
1.15831
1.15025
1.14033
1.12886
1.11563
1.10104
1.08479
1.06737
1.04857
1.02896
1.0083
0.987435
0.966049
0.945054
0.924111
0.903839
0.884424
0.866461
0.850439
0.837119
0.82616
0.82042
0.817659
0.823431
0.833377
0.856273
0.88577
0.934398
0.993188
1.08051
1.18347
1.3313
1.50129
1.73905
2.01334
2.39242
2.83133
3.42991
4.1387
5.0786
6.23902
7.67784
9.60274
11.3858
14.6155
0.0804482
0.0792413
0.0783733
0.0773269
0.0759105
0.0742253
0.0723622
0.0703494
0.0682036
0.0659594
0.0636552
0.0613303
0.0590161
0.0567439
0.0545369
0.0524183
0.0504024
0.0485036
0.0467279
0.0450828
0.0435676
0.0421848
0.0409292
0.0397995
0.038788
0.0378912
0.0370999
0.0364098
0.035811
0.0352994
0.0348654
0.034505
0.0342093
0.0339751
0.0337945
0.0336649
0.0335798
0.0335375
0.0335328
0.0335647
0.0336298
0.0337282
0.0338584
0.0340214
0.0342176
0.0344493
0.0347185
0.0350292
0.0353853
0.0357921
0.0362554
0.0367823
0.0373804
0.0380585
0.0388271
0.0396975
0.0406827
0.0417958
0.0430523
0.0444676
0.0460597
0.0478467
0.049848
0.0520837
0.0545768
0.0573511
0.06043
0.0638418
0.0676115
0.0717683
0.076338
0.0813489
0.0868321
0.0928181
0.0993381
0.10642
0.114095
0.122392
0.131341
0.14097
0.151306
0.162373
0.174196
0.186798
0.200196
0.214411
0.229455
0.24534
0.26207
0.27965
0.298078
0.317352
0.33746
0.358389
0.380117
0.402625
0.425881
0.449852
0.474495
0.499754
0.525579
0.551917
0.578723
0.605905
0.633395
0.661099
0.688956
0.716857
0.744734
0.772466
0.799993
0.827162
0.853913
0.880087
0.905634
0.930378
0.954272
0.977142
0.998938
1.01953
1.03891
1.05694
1.07356
1.08862
1.1021
1.11388
1.12395
1.13219
1.13864
1.14317
1.14588
1.14663
1.14562
1.14263
1.13793
1.13135
1.12322
1.11334
1.1022
1.08952
1.07597
1.06111
1.0459
1.02955
1.01348
0.997167
0.981907
0.966577
0.953867
0.941602
0.933981
0.927445
0.928257
0.931243
0.945311
0.96327
0.997448
1.03774
1.10164
1.17473
1.28322
1.40558
1.57805
1.7709
2.03815
2.33615
2.74189
3.19428
3.8026
4.48189
5.38717
6.40589
7.74449
9.29317
11.2596
13.6768
16.5175
20.374
23.8245
30.0933
0.0663905
0.0651817
0.0642199
0.0631518
0.0618446
0.0603701
0.0587952
0.057137
0.0554055
0.0536193
0.0518033
0.0499802
0.0481707
0.0463926
0.0446623
0.0429932
0.0413964
0.0398803
0.0384507
0.0371114
0.0358642
0.0347092
0.0336449
0.032669
0.0317778
0.0309672
0.0302325
0.0295687
0.0289704
0.0284327
0.02795
0.0275176
0.0271303
0.0267841
0.0264742
0.0261976
0.0259503
0.0257301
0.025534
0.0253609
0.025209
0.0250784
0.0249685
0.0248809
0.0248163
0.0247775
0.0247671
0.0247894
0.0248484
0.0249503
0.0251008
0.0253078
0.0255792
0.0259247
0.0263545
0.026881
0.0275165
0.0282757
0.0291733
0.0302265
0.0314524
0.0328708
0.034501
0.0363648
0.0384851
0.0408859
0.043594
0.0466346
0.0500367
0.0538272
0.058034
0.0626871
0.0678181
0.0734584
0.0796385
0.0863894
0.0937417
0.101727
0.110374
0.119714
0.129773
0.140578
0.152153
0.164522
0.177705
0.191722
0.206588
0.222314
0.238907
0.256372
0.274709
0.293913
0.313974
0.334875
0.3566
0.379123
0.402415
0.426439
0.451148
0.476495
0.502426
0.528889
0.555819
0.583142
0.610767
0.638616
0.6666
0.694631
0.722611
0.750448
0.778035
0.805279
0.832048
0.858246
0.883746
0.908445
0.932223
0.954964
0.976572
0.996956
1.01609
1.03385
1.05017
1.06491
1.07805
1.08946
1.0992
1.10716
1.11339
1.11782
1.12063
1.1217
1.12126
1.11919
1.11592
1.11118
1.10553
1.09893
1.09186
1.08395
1.07637
1.06855
1.06219
1.0564
1.0536
1.05246
1.0565
1.06374
1.07907
1.09974
1.13246
1.17314
1.23181
1.30189
1.39869
1.51193
1.66332
1.83622
2.06509
2.32395
2.66297
3.04046
3.53366
4.07475
4.78114
5.54666
6.54492
7.61807
9.01103
10.5084
12.4304
14.5231
17.1512
20.1057
23.6807
27.9448
32.7421
39.1411
44.7168
54.5966
0.0553154
0.0542148
0.0532515
0.0522183
0.0510362
0.0497534
0.0484141
0.0470292
0.045605
0.0441527
0.0426878
0.0412238
0.0397735
0.0383473
0.0369559
0.035607
0.0343081
0.0330641
0.0318793
0.0307554
0.0296944
0.0286956
0.0277586
0.0268809
0.0260608
0.0252946
0.0245794
0.0239109
0.0232857
0.0226994
0.0221484
0.0216285
0.0211365
0.0206683
0.0202213
0.0197921
0.0193788
0.0189788
0.0185909
0.0182137
0.0178469
0.0174902
0.0171444
0.0168106
0.0164909
0.0161877
0.0159045
0.0156455
0.0154156
0.0152207
0.0150676
0.0149641
0.014919
0.0149422
0.0150447
0.0152387
0.0155376
0.0159561
0.01651
0.0172166
0.0180942
0.0191628
0.0204433
0.0219581
0.023731
0.0257869
0.0281525
0.0308555
0.0339242
0.0373876
0.0412754
0.0456191
0.0504503
0.0558019
0.0617055
0.0681941
0.075299
0.0830531
0.0914866
0.100631
0.110513
0.121163
0.132604
0.144862
0.157955
0.171906
0.186727
0.202433
0.219029
0.236524
0.254911
0.274189
0.294342
0.315359
0.337215
0.359889
0.38334
0.407535
0.432421
0.457955
0.484076
0.510735
0.537852
0.565356
0.593149
0.621158
0.649278
0.677431
0.705497
0.733403
0.761039
0.788299
0.815039
0.841187
0.866602
0.89121
0.914894
0.937605
0.959225
0.979717
0.999054
1.01715
1.03399
1.04943
1.06365
1.07644
1.08814
1.09848
1.10775
1.11588
1.1231
1.12948
1.13545
1.14108
1.14702
1.15336
1.161
1.17004
1.18179
1.19633
1.21557
1.23948
1.27078
1.30923
1.35885
1.4189
1.49546
1.58654
1.70172
1.83735
2.00502
2.20183
2.4432
2.72343
3.06503
3.45726
3.93357
4.47432
5.12889
5.86386
6.75159
7.73784
8.92609
10.2339
11.8035
13.5188
15.5644
17.7907
20.4183
23.28
26.606
30.2575
34.413
39.0738
44.2375
50.3065
56.7495
65.1659
72.3042
84.7484
0.04794
0.0469616
0.0460211
0.0450333
0.0439583
0.0428236
0.0416553
0.040461
0.0392455
0.0380165
0.0367836
0.0355552
0.0343392
0.0331421
0.0319705
0.030829
0.0297224
0.0286533
0.0276245
0.0266368
0.0256914
0.0247872
0.023924
0.0230995
0.0223125
0.0215597
0.0208393
0.0201476
0.0194821
0.0188392
0.0182163
0.0176098
0.0170175
0.016436
0.0158635
0.0152972
0.014736
0.0141777
0.0136219
0.0130676
0.0125151
0.0119645
0.0114174
0.010875
0.01034
0.00981529
0.00930495
0.00881347
0.00834651
0.00791044
0.00751271
0.00716175
0.00686703
0.00663922
0.00649003
0.00643256
0.00648098
0.00665098
0.00695928
0.00742423
0.00806534
0.00890373
0.00996158
0.0112627
0.0128321
0.0146961
0.0168822
0.0194192
0.0223373
0.0256668
0.0294397
0.0336875
0.0384443
0.0437426
0.049617
0.0560997
0.0632253
0.0710248
0.0795318
0.088775
0.0987862
0.10959
0.121215
0.133682
0.147013
0.161225
0.176334
0.192348
0.209278
0.227125
0.245889
0.265555
0.286117
0.30755
0.329836
0.35294
0.376833
0.401461
0.426788
0.45276
0.479341
0.506457
0.534049
0.562035
0.590345
0.618894
0.647604
0.676384
0.705162
0.733856
0.762402
0.790737
0.818798
0.846499
0.873798
0.900651
0.927007
0.952803
0.97805
1.0028
1.02714
1.05114
1.07487
1.09849
1.12219
1.14621
1.17087
1.19653
1.22361
1.25264
1.2843
1.31924
1.35846
1.40274
1.45355
1.51183
1.57967
1.65812
1.75023
1.85701
1.98285
2.12887
2.30043
2.49955
2.73291
3.00272
3.318
3.68075
4.10299
4.58618
5.14627
5.78309
6.51826
7.34849
8.3029
9.37314
10.598
11.9613
13.5137
15.2288
17.17
19.2982
21.6888
24.2896
27.1822
30.3069
33.7372
37.4227
41.403
45.6745
50.1976
55.0919
60.1605
65.7968
71.5097
78.2869
84.9832
94.1598
101.668
115.542
0.045263
0.0443708
0.0434456
0.0424747
0.0414542
0.0403997
0.0393232
0.0382286
0.0371204
0.0360047
0.0348882
0.0337766
0.0326755
0.0315895
0.030523
0.0294795
0.0284621
0.0274724
0.0265123
0.0255821
0.0246822
0.0238116
0.02297
0.0221552
0.0213659
0.0205994
0.019854
0.0191265
0.0184149
0.0177159
0.0170274
0.0163464
0.0156711
0.0149985
0.0143275
0.0136558
0.0129827
0.0123067
0.0116279
0.0109459
0.0102618
0.00957619
0.00889145
0.0082095
0.00753407
0.00686868
0.00621864
0.00558921
0.00498745
0.00442067
0.00389795
0.00342875
0.00302431
0.00269653
0.00245906
0.00232633
0.00231456
0.00244093
0.00272432
0.00318472
0.00384383
0.00472443
0.00585108
0.00724926
0.00894619
0.0109696
0.0133494
0.0161156
0.0193004
0.0229354
0.0270543
0.0316898
0.0368776
0.0426502
0.0490437
0.0560913
0.0638277
0.0722844
0.0814957
0.0914898
0.102299
0.113949
0.126468
0.139874
0.154194
0.16944
0.185631
0.202773
0.220887
0.239968
0.260025
0.281041
0.303022
0.325946
0.34982
0.374604
0.4003
0.426847
0.454259
0.482468
0.51151
0.541259
0.571806
0.602998
0.634876
0.6674
0.700568
0.734356
0.768784
0.803867
0.839663
0.87623
0.913632
0.951977
0.991396
1.03209
1.07424
1.11818
1.16417
1.21272
1.2642
1.31925
1.37842
1.44249
1.51229
1.58891
1.67338
1.7672
1.87164
1.98876
2.12002
2.26836
2.4354
2.62453
2.839
3.08187
3.35767
3.67004
4.02466
4.4258
4.88051
5.39375
5.97408
6.62705
7.36309
8.18809
9.11458
10.1484
11.3044
12.5879
14.016
15.5927
17.337
19.2504
21.3531
23.6429
26.139
28.8342
31.7449
34.8579
38.1832
41.7038
45.4172
49.3106
53.3591
57.5698
61.879
66.3445
70.8361
75.5131
80.129
85.0341
89.7816
95.0767
100.13
106.362
112.266
121.215
128.346
143.121
0.0459558
0.0450869
0.0441585
0.0431928
0.0421993
0.0411847
0.0401521
0.0391032
0.0380418
0.0369734
0.0359024
0.0348344
0.0337727
0.0327226
0.0316862
0.0306675
0.0296673
0.0286884
0.02773
0.0267939
0.0258782
0.0249837
0.0241073
0.0232494
0.0224062
0.0215777
0.0207596
0.0199516
0.0191498
0.0183536
0.0175593
0.0167668
0.0159727
0.0151775
0.0143784
0.0135768
0.012771
0.011963
0.0111526
0.0103428
0.00953497
0.00873328
0.00794074
0.00716315
0.00640541
0.00567496
0.00497886
0.00432646
0.00372714
0.00319234
0.00273399
0.00236581
0.00210241
0.00195988
0.0019557
0.00210859
0.00243892
0.00296814
0.00371951
0.00471747
0.00598801
0.0075586
0.0094584
0.0117176
0.0143676
0.0174412
0.0209721
0.0249961
0.0295488
0.034668
0.0403903
0.046757
0.0538042
0.0615751
0.0701074
0.0794444
0.089624
0.100689
0.112675
0.125627
0.139578
0.154576
0.17065
0.187846
0.20619
0.225731
0.246487
0.268515
0.291835
0.316497
0.342529
0.369968
0.398851
0.429228
0.461142
0.494648
0.529794
0.566642
0.60526
0.645745
0.688213
0.732763
0.779534
0.828676
0.880377
0.934844
0.992322
1.05309
1.11748
1.18589
1.25877
1.33665
1.42008
1.50977
1.60643
1.71104
1.82446
1.94802
2.08276
2.23049
2.39234
2.57086
2.76716
2.98423
3.22437
3.4904
3.78542
4.11289
4.47652
4.88048
5.32921
5.82756
6.38098
6.9949
7.67587
8.43001
9.26486
10.1872
11.2055
12.3271
13.5612
14.9156
16.3999
18.0216
19.7904
21.7131
23.7982
26.051
28.4775
31.0805
33.862
36.8214
39.9548
43.2579
46.719
50.331
54.0726
57.9365
61.8915
65.9336
70.0213
74.16
78.2949
82.4523
86.5533
90.6643
94.6663
98.6952
102.561
106.516
110.246
114.208
117.877
122.08
125.94
131.052
135.816
144.147
150.697
166.683
0.0488931
0.0480317
0.0470919
0.0461137
0.045111
0.0440821
0.0430239
0.041938
0.0408286
0.0397009
0.0385585
0.0374065
0.0362488
0.03509
0.0339331
0.0327814
0.0316365
0.0305005
0.0293737
0.0282571
0.0271502
0.0260532
0.0249649
0.0238856
0.0228136
0.0217491
0.020691
0.0196398
0.0185949
0.0175575
0.0165279
0.0155083
0.0145001
0.0135068
0.0125312
0.0115784
0.0106529
0.00976149
0.00891056
0.00810877
0.0073645
0.00668853
0.00609152
0.00558652
0.0051866
0.00490724
0.00476417
0.00477545
0.00495964
0.0053375
0.00593061
0.00676274
0.00785832
0.0092443
0.0109484
0.0130009
0.0154331
0.0182782
0.0215716
0.0253497
0.0296514
0.0345182
0.0399926
0.0461208
0.0529483
0.0605249
0.0689
0.0781298
0.088267
0.0993711
0.111502
0.124723
0.139101
0.154702
0.171599
0.189869
0.209587
0.230837
0.253704
0.278281
0.304663
0.332956
0.363262
0.3957
0.43039
0.467464
0.507061
0.549335
0.594453
0.642604
0.693972
0.74878
0.807258
0.869681
0.936328
1.00753
1.08363
1.16502
1.25213
1.34545
1.44554
1.55299
1.66847
1.79271
1.92656
2.07092
2.22683
2.39537
2.57786
2.77556
2.99025
3.22331
3.47679
3.7527
4.05322
4.38089
4.73827
5.12841
5.55435
6.01971
6.52801
7.08341
7.69013
8.35282
9.07644
9.86625
10.7279
11.6672
12.6904
13.8041
15.0148
16.3294
17.7551
19.2988
20.9678
22.7688
24.7084
26.7927
29.0267
31.4151
33.9606
36.6657
39.5295
42.5519
45.7272
49.0525
52.516
56.1119
59.8221
63.638
67.5364
71.5072
75.5218
79.5716
83.6209
87.6687
91.6715
95.6401
99.523
103.346
107.047
110.671
114.146
117.534
120.746
123.884
126.825
129.732
132.418
135.146
137.624
140.293
142.674
145.553
148.12
151.948
155.537
163.096
169.18
186.94
0.0523254
0.0512351
0.0501058
0.0489578
0.0477705
0.0465177
0.0451923
0.0438009
0.0423541
0.0408594
0.0393254
0.0377597
0.0361719
0.0345684
0.0329574
0.0313442
0.0297367
0.0281398
0.0265613
0.0250059
0.023482
0.0219944
0.0205526
0.0191624
0.0178343
0.0165753
0.0153978
0.0143103
0.0133271
0.0124589
0.011722
0.0111296
0.0107001
0.0104496
0.0103992
0.0105678
0.010979
0.0116552
0.0126227
0.0139072
0.015538
0.0175444
0.0199592
0.0228153
0.0261491
0.0299977
0.0344015
0.0394024
0.0450444
0.0513745
0.0584421
0.0662994
0.0750011
0.0846051
0.095173
0.10677
0.119463
0.133325
0.148434
0.164868
0.182715
0.202065
0.223018
0.245676
0.270147
0.296547
0.325
0.355636
0.388597
0.424028
0.462093
0.502958
0.54681
0.593837
0.644255
0.698284
0.756164
0.818149
0.884523
0.95558
1.03165
1.11308
1.20024
1.29355
1.39344
1.50038
1.61489
1.73752
1.8689
2.00966
2.1605
2.32221
2.49562
2.68167
2.88129
3.09565
3.32574
3.57296
3.83863
4.1242
4.43132
4.76166
5.1171
5.49961
5.91139
6.35474
6.83216
7.34628
7.9
8.49633
9.13863
9.83028
10.575
11.3766
12.2394
13.1677
14.166
15.2393
16.3925
17.6308
18.9596
20.3842
21.9105
23.5438
25.2897
27.1536
29.1407
31.2559
33.5035
35.8875
38.4102
41.0745
43.8804
46.8287
49.9166
53.1423
56.4991
59.9824
63.5812
67.2886
71.0893
74.9745
78.9251
82.932
86.9715
91.036
95.097
99.1497
103.162
107.134
111.032
114.859
118.581
122.203
125.691
129.062
132.274
135.363
138.272
141.057
143.645
146.118
148.383
150.532
152.474
154.327
155.981
157.589
158.995
160.424
161.652
163.036
164.229
165.858
167.287
169.913
172.474
179.145
184.785
204.51
0.0531546
0.0510028
0.048838
0.0466805
0.0444682
0.0421608
0.0397733
0.037338
0.0348843
0.032441
0.030044
0.0277309
0.0255382
0.0234993
0.0216468
0.0200123
0.0186275
0.0175238
0.0167332
0.0162889
0.0162246
0.0165761
0.0173806
0.0186769
0.0205058
0.0229101
0.0259348
0.029627
0.0340362
0.0392143
0.0452153
0.0520965
0.0599176
0.0687405
0.0786311
0.0896565
0.101889
0.115404
0.130279
0.146596
0.164443
0.183908
0.205087
0.22808
0.252991
0.27993
0.309016
0.340368
0.374118
0.410401
0.449362
0.491154
0.53594
0.583889
0.635184
0.690019
0.748596
0.811135
0.877864
0.949031
1.02489
1.10573
1.19185
1.28355
1.38117
1.48507
1.59564
1.71326
1.83838
1.97145
2.11295
2.26343
2.42341
2.5935
2.77434
2.9666
3.17098
3.38822
3.61919
3.86469
4.12573
4.40318
4.69817
5.0118
5.34523
5.69974
6.07664
6.47738
6.90346
7.35647
7.83806
8.3501
8.89447
9.47324
10.0885
10.7425
11.4377
12.1767
12.9618
13.796
14.6824
15.6239
16.6237
17.6852
18.8119
20.0075
21.2756
22.6201
24.0449
25.5541
27.152
28.8422
30.629
32.5163
34.5084
36.6085
38.8205
41.1472
43.5918
46.1561
48.8423
51.6504
54.5817
57.6345
60.8078
64.0982
67.5022
71.015
74.6299
78.3406
82.1368
86.0112
89.95
93.9453
97.9798
102.046
106.123
110.204
114.267
118.308
122.303
126.25
130.125
133.928
137.633
141.243
144.728
148.102
151.327
154.43
157.364
160.163
162.78
165.241
167.519
169.643
171.577
173.372
174.965
176.435
177.695
178.861
179.803
180.657
181.329
181.943
182.392
182.804
183.063
183.335
183.488
183.739
183.869
184.314
184.694
186.174
187.618
193.387
198.548
220.905
0.0331791
0.0298977
0.0273193
0.0252084
0.0234313
0.0221103
0.0214457
0.0215812
0.0226253
0.0246931
0.027906
0.0323804
0.0382264
0.0455539
0.0544732
0.0650967
0.0775373
0.0919114
0.108338
0.126941
0.147848
0.171191
0.197108
0.225739
0.257232
0.291738
0.329414
0.370423
0.414933
0.463117
0.515155
0.571234
0.631546
0.696292
0.765676
0.839914
0.919232
1.00386
1.09405
1.19005
1.29213
1.40056
1.51563
1.63764
1.76692
1.90379
2.0486
2.20173
2.36354
2.53445
2.71488
2.90527
3.10609
3.31782
3.54098
3.7761
4.02376
4.28453
4.55905
4.84797
5.15197
5.47179
5.80815
6.16186
6.53374
6.92467
7.33555
7.76735
8.22105
8.69771
9.1984
9.7243
10.2766
10.8565
11.4654
12.1047
12.7758
13.4801
14.2193
14.9949
15.8088
16.6627
17.5584
18.498
19.4833
20.5166
21.5999
22.7356
23.926
25.1733
26.4801
27.8489
29.2824
30.7832
32.3539
33.9973
35.7162
37.5132
39.3907
41.3519
43.3992
45.5351
47.7616
50.0813
52.4958
55.0072
57.6165
60.3252
63.1333
66.0418
69.0506
72.1582
75.3635
78.6647
82.0598
85.5441
89.1156
92.7674
96.4964
100.294
104.155
108.069
112.032
116.031
120.061
124.108
128.165
132.221
136.266
140.29
144.28
148.23
152.122
155.954
159.705
163.378
166.947
170.425
173.781
177.035
180.149
183.15
185.999
188.715
191.271
193.681
195.915
198.004
199.907
201.677
203.235
204.67
205.89
206.968
207.881
208.652
209.251
209.728
210.02
210.213
210.217
210.171
209.868
209.553
209.019
208.492
207.826
207.14
206.356
205.586
204.78
204.025
203.352
202.831
202.491
202.892
203.554
208.278
212.703
237.228
0.0684671
0.0904624
0.116964
0.147104
0.181905
0.222515
0.269259
0.322153
0.381423
0.447453
0.52061
0.601227
0.689644
0.786231
0.891366
1.00543
1.1288
1.26187
1.40501
1.5586
1.72304
1.89868
2.08593
2.28513
2.49671
2.72096
2.95838
3.20921
3.47394
3.75293
4.04657
4.35528
4.67946
5.01954
5.37595
5.74915
6.1396
6.5478
6.97423
7.41942
7.88391
8.36824
8.873
9.39879
9.94623
10.516
11.1087
11.7251
12.3658
13.0317
13.7236
14.4421
15.1882
15.9628
16.7666
17.6007
18.466
19.3634
20.2941
21.2591
22.2593
23.2961
24.3706
25.4838
26.637
27.8316
29.0688
30.35
31.6764
33.0495
34.4707
35.9415
37.4633
39.0375
40.6657
42.3497
44.0906
45.8902
47.7499
49.6713
51.6558
53.7051
55.8203
58.0032
60.2548
62.5765
64.9693
67.4344
69.973
72.5854
75.2721
78.0339
80.8711
83.7837
86.7714
89.834
92.9705
96.1804
99.461
102.812
106.232
109.717
113.265
116.874
120.539
124.258
128.025
131.838
135.689
139.576
143.494
147.437
151.397
155.37
159.347
163.32
167.284
171.229
175.151
179.038
182.888
186.687
190.438
194.124
197.747
201.29
204.758
208.133
211.419
214.6
217.676
220.64
223.479
226.201
228.786
231.245
233.553
235.741
237.766
239.672
241.398
243.027
244.465
245.768
246.894
247.866
248.655
249.305
249.779
250.129
250.26
250.311
250.069
249.789
249.284
248.686
247.959
247.141
246.169
245.143
243.984
242.763
241.382
240.027
238.558
237.085
235.523
233.966
232.351
230.755
229.16
227.605
226.11
224.755
223.521
222.974
222.598
226.162
229.046
255.987
2.0185
2.34488
2.68372
3.02935
3.39289
3.78227
4.19968
4.64592
5.12229
5.63
6.16978
6.7421
7.34741
7.9861
8.6585
9.36481
10.1052
10.8797
11.6884
12.5312
13.4081
14.3189
15.2637
16.2423
17.2547
18.3006
19.3803
20.4934
21.6402
22.8207
24.035
25.2831
26.5654
27.882
29.2332
30.6194
32.0408
33.498
34.9912
36.5211
38.088
39.6925
41.3352
43.0167
44.7374
46.4981
48.2993
50.1417
52.0259
53.9525
55.9222
57.9356
59.9933
62.0959
64.244
66.4383
68.6792
70.9673
73.3032
75.6871
78.1198
80.6016
83.1327
85.7134
88.3441
91.0251
93.7563
96.538
99.37
102.252
105.185
108.168
111.2
114.281
117.411
120.589
123.815
127.088
130.406
133.768
137.174
140.623
144.112
147.64
151.206
154.808
158.444
162.111
165.809
169.534
173.283
177.054
180.846
184.654
188.476
192.308
196.148
199.993
203.837
207.679
211.515
215.341
219.151
222.945
226.715
230.46
234.172
237.853
241.491
245.096
248.65
252.162
255.603
258.99
262.291
265.526
268.694
271.779
274.785
277.687
280.501
283.212
285.828
288.328
290.724
292.992
295.154
297.177
299.089
300.853
302.493
303.991
305.333
306.52
307.54
308.415
309.127
309.724
310.139
310.452
310.552
310.557
310.292
309.988
309.473
308.837
308.053
307.182
306.178
305.035
303.725
302.375
300.893
299.349
297.669
295.903
294.024
292.094
290.05
287.975
285.8
283.621
281.317
279.023
276.641
274.28
271.864
269.477
267.06
264.669
262.295
259.949
257.669
255.492
253.387
251.842
250.232
252.494
252.837
282.413
27.3697
29.0539
30.7844
32.6074
34.555
36.6201
38.7912
41.0647
43.4387
45.9081
48.4661
51.1057
53.8204
56.604
59.4506
62.3548
65.3115
68.3163
71.3651
74.4543
77.5809
80.7422
83.9358
87.1596
90.4121
93.6918
96.9975
100.328
103.683
107.061
110.462
113.885
117.33
120.797
124.284
127.793
131.322
134.871
138.44
142.028
145.635
149.262
152.906
156.569
160.249
163.946
167.659
171.388
175.132
178.891
182.664
186.449
190.248
194.058
197.878
201.709
205.548
209.396
213.251
217.112
220.978
224.848
228.722
232.597
236.474
240.351
244.226
248.099
251.969
255.834
259.693
263.545
267.389
271.224
275.047
278.859
282.658
286.442
290.211
293.962
297.695
301.407
305.099
308.767
312.411
316.029
319.619
323.18
326.711
330.208
333.669
337.094
340.479
343.824
347.125
350.38
353.587
356.744
359.847
362.894
365.882
368.809
371.67
374.466
377.188
379.84
382.409
384.907
387.315
389.668
391.907
394.083
396.124
398.062
399.877
401.551
403.103
404.54
405.867
407.064
408.149
409.159
410.005
410.766
411.376
411.878
412.259
412.485
412.603
412.551
412.405
412.08
411.633
411.154
410.488
409.693
408.777
407.748
406.534
405.214
403.705
402.102
400.307
398.409
396.373
394.227
391.962
389.614
387.179
384.679
382.051
379.38
376.595
373.772
370.87
367.92
364.891
361.867
358.782
355.701
352.565
349.46
346.278
343.126
339.929
336.773
333.584
330.434
327.26
324.1
320.938
317.771
314.604
311.482
308.292
305.502
302.307
302.586
299.007
330.834
454.402
466.821
479.038
491.235
503.361
515.211
526.623
537.537
547.941
557.828
567.199
576.063
584.434
592.332
599.778
606.795
613.406
619.637
625.511
631.052
636.284
641.23
645.912
650.352
654.571
658.587
662.42
666.086
669.602
672.984
676.245
679.399
682.457
685.433
688.336
691.175
693.959
696.697
699.396
702.063
704.703
707.321
709.924
712.514
715.096
717.673
720.247
722.822
725.399
727.981
730.568
733.161
735.763
738.373
740.991
743.619
746.255
748.9
751.554
754.216
756.885
759.561
762.243
764.93
767.621
770.314
773.009
775.703
778.395
781.084
783.767
786.442
789.108
791.762
794.403
797.027
799.632
802.215
804.774
807.304
809.805
812.27
814.699
817.086
819.428
821.72
823.96
826.142
828.263
830.316
832.299
834.205
836.033
837.773
839.425
840.979
842.435
843.781
845.015
846.136
847.133
848.007
848.743
849.351
849.804
850.131
850.256
850.373
850.081
850.167
849.332
849.039
847.861
846.843
845.483
844.014
842.488
840.642
838.811
836.49
834.301
831.91
829.269
826.409
823.385
820.148
816.779
813.169
809.445
805.495
801.421
797.161
792.71
788.131
783.396
778.503
773.448
768.294
762.957
757.533
751.928
746.258
740.42
734.521
728.521
722.485
716.373
710.269
704.126
698.036
691.856
685.746
679.583
673.517
667.42
661.414
655.369
649.409
643.404
637.568
631.693
626.006
620.242
614.639
608.965
603.455
597.864
592.404
586.839
581.324
575.684
570.004
564.14
558.204
551.916
545.879
539.016
535.918
529.554
574.326
0
0
0
0
0
0
0
0
0
0
0
0
0
0
0
0
0
0
0
0
0
0
0
0
0
0
0
0
0
0
0
0
0
0
0
0
0
0
0
0
0
0
0
0
0
0
0
0
0
0
0
0
0
0
0
0
0
0
0
0
0
0
0
0
0
0
0
0
0
0
0
0
0
0
0
0
0
0
0
0
0
0
0
0
0
0
0
0
0
0
0
0
0
0
0
0
0
0
0
0
0
0
0
0
0
0
0
0
0
0
0
0
0
0
0
0
0
0
0
0
0
0
0
0
0
0
0
0
0
0
0
0
0
0
0
0
0
0
0
0
0
0
0
0
0
0
0
0
0
0
0
0
0
0
0
0
0
0
0
0
0
0
0
0
0
0
0
0
0
0
0
0
0
0
0
0
0
0
0
0
72.2
85.5004
98.4779
110.424
122.67
135.777
149.801
164.853
181.121
198.77
217.969
238.896
261.777
286.835
314.393
344.726
378.399
415.641
457.902
503.723
560.857
614.097
704.83
755.372
942.699
47.1291
42.8082
38.5939
37.7997
38.0991
38.604
39.3776
40.4034
41.6058
42.9627
44.481
46.1771
48.0717
50.2005
52.6078
55.355
58.4961
62.1562
66.3025
71.4353
76.824
84.5001
90.8378
104.004
104.085
52.8599
51.2739
47.7081
46.7868
46.5288
46.2611
46.177
46.2768
46.4676
46.708
46.9853
47.2936
47.6296
48.0043
48.4333
48.9483
49.5537
50.3527
51.2084
52.6652
53.642
56.7821
56.5001
66.2749
51.7162
63.0507
63.6103
61.0846
60.4369
60.0823
59.5907
59.2156
58.9858
58.8081
58.6442
58.477
58.2943
58.0859
57.859
57.6221
57.4056
57.1924
57.1222
56.9543
57.455
57.0115
59.4766
56.4199
67.7237
46.8042
74.932
76.5459
74.8712
74.5475
74.235
73.6636
73.1445
72.7112
72.2963
71.8682
71.4107
70.9103
70.3554
69.7517
69.1056
68.4517
67.7648
67.216
66.4884
66.5519
65.3103
67.7772
62.8002
75.9232
49.3646
87.8912
89.9486
88.7944
88.6711
88.3847
87.7657
87.1276
86.5083
85.8648
85.1809
84.4442
83.6426
82.7655
81.8212
80.8197
79.7941
78.7149
77.7774
76.6085
76.3362
74.5009
76.9778
70.5266
84.6646
53.4632
101.775
104.002
103.072
102.985
102.649
101.952
101.17
100.347
99.4643
98.5123
97.4834
96.3684
95.1587
93.8619
92.4878
91.0782
89.6015
88.2741
86.6865
86.0583
83.6944
86.0526
78.4103
92.8183
57.9661
116.408
118.609
117.711
117.518
117.061
116.225
115.258
114.202
113.049
111.797
110.444
108.985
107.412
105.737
103.971
102.16
100.27
98.5265
96.498
95.4783
92.5849
94.6947
86.0045
100.178
62.5615
131.631
133.641
132.629
132.224
131.558
130.52
129.321
127.995
126.54
124.958
123.251
121.417
119.452
117.369
115.18
112.935
110.601
108.416
105.929
104.479
101.035
102.783
93.1394
106.744
67.143
147.299
148.964
147.731
147.016
146.066
144.762
143.28
141.645
139.854
137.913
135.824
133.588
131.203
128.684
126.046
123.341
120.536
117.879
114.905
112.988
108.983
110.281
99.7387
112.582
71.6662
163.231
164.425
162.88
161.778
160.478
158.849
157.036
155.054
152.897
150.568
148.073
145.412
142.585
139.609
136.498
133.312
130.014
126.863
123.379
120.968
116.384
117.172
105.779
117.765
76.1019
179.228
179.838
177.91
176.362
174.655
172.649
170.462
168.099
165.549
162.812
159.892
156.79
153.505
150.057
146.46
142.777
138.971
135.312
131.303
128.379
123.209
123.454
111.25
122.355
80.4178
195.067
194.997
192.631
190.59
188.431
186.007
183.409
180.636
177.672
174.512
171.156
167.603
163.854
159.927
155.839
151.654
147.336
143.163
138.622
135.178
129.422
129.108
116.147
126.394
84.5742
210.508
209.674
206.83
204.265
201.619
198.745
195.71
192.508
189.117
185.524
181.728
177.724
173.511
169.108
164.532
159.849
155.026
150.344
145.279
141.318
134.985
134.122
120.463
129.905
88.5269
225.295
223.628
220.28
217.173
214.019
210.674
207.186
203.544
199.719
195.695
191.465
187.021
182.357
177.492
172.443
167.28
161.964
156.787
151.211
146.754
139.869
138.467
124.184
132.888
92.2201
239.158
236.6
232.741
229.099
225.431
221.613
217.671
213.591
209.34
204.895
200.237
195.359
190.251
184.934
179.427
173.8
168.023
162.387
156.337
151.408
144.005
142.106
127.286
135.332
95.5988
251.873
248.374
244.01
239.832
235.641
231.34
226.938
222.416
217.738
212.874
207.812
202.531
197.025
191.307
185.395
179.357
173.155
167.091
160.602
155.245
147.377
145.018
129.751
137.222
98.6081
263.073
258.58
253.712
249.036
244.349
239.595
234.766
229.842
224.785
219.556
214.13
208.484
202.604
196.506
190.214
183.797
177.222
170.786
163.917
158.183
149.91
147.146
131.54
138.519
101.185
272.481
267.019
261.69
256.559
251.41
246.239
241.02
235.719
230.297
224.718
218.954
212.982
206.784
200.375
193.771
187.043
180.155
173.406
166.218
160.166
151.563
148.457
132.624
139.188
103.273
279.826
273.426
267.644
262.103
256.534
250.986
245.419
239.796
234.08
228.222
222.19
215.955
209.497
202.827
195.968
188.989
181.857
174.863
167.43
161.133
152.284
148.904
132.966
139.188
104.813
284.687
277.459
271.303
265.446
259.543
253.696
247.857
241.98
236.024
229.94
223.693
217.252
210.596
203.735
196.694
189.539
182.241
175.082
167.489
161.023
152.023
148.443
132.527
138.475
105.747
286.879
278.961
272.492
266.399
260.239
254.163
248.121
242.061
235.939
229.704
223.318
216.745
209.968
202.994
195.853
188.608
181.232
173.995
166.331
159.782
150.733
147.034
131.273
137.004
106.022
286.05
277.614
270.919
264.697
258.387
252.178
246.029
239.878
233.68
227.383
220.943
214.324
207.512
200.513
193.364
186.121
178.762
171.541
163.905
157.363
148.374
144.638
129.166
134.735
105.584
281.915
273.175
266.365
260.134
253.797
247.57
241.424
235.29
229.121
222.86
216.463
209.894
203.142
196.216
189.159
182.02
174.779
167.674
160.169
153.73
144.91
141.225
126.174
131.637
104.378
274.226
265.43
258.638
252.533
246.311
240.195
234.177
228.181
222.158
216.045
209.799
203.384
196.798
190.051
183.195
176.267
169.251
162.366
155.096
148.858
140.319
136.775
122.268
127.683
102.366
262.778
254.205
247.589
241.756
235.806
229.945
224.195
218.474
212.725
206.881
200.902
194.755
188.449
181.998
175.458
168.853
162.17
155.61
148.684
142.741
134.602
131.27
117.465
122.796
99.5865
247.375
239.338
233.072
227.672
222.167
216.724
211.397
206.1
200.766
195.325
189.741
183.99
178.091
172.061
165.962
159.797
153.561
147.431
140.962
135.396
127.8
124.688
111.857
116.819
96.1524
225.741
218.657
213.016
208.281
203.471
198.688
194.018
189.367
184.657
179.815
174.823
169.659
164.362
158.949
153.483
147.934
142.321
136.783
130.951
125.885
119.058
116.172
104.731
109.03
91.4244
197.148
191.448
186.794
182.986
179.152
175.313
171.571
167.817
163.964
159.943
155.768
151.414
146.946
142.37
137.743
132.998
128.197
123.43
118.415
114.003
108.127
105.584
95.729
99.5152
84.7615
163.997
159.946
156.575
153.884
151.227
148.543
145.921
143.227
140.385
137.343
134.153
130.775
127.302
123.711
120.048
116.217
112.343
108.456
104.354
100.705
95.8392
93.7777
85.4403
89.0117
76.617
127.725
125.446
123.545
122.096
120.737
119.324
117.928
116.381
114.646
112.699
110.622
108.332
105.967
103.441
100.81
97.9607
95.1002
92.1642
89.0423
86.2251
82.4083
80.8922
74.0721
77.4787
67.3522
90.6682
90.0698
89.6488
89.4269
89.3167
89.1338
88.928
88.5251
87.9143
87.0997
86.1736
84.9857
83.7165
82.2482
80.6621
78.826
76.995
75.037
72.9057
70.9387
68.1677
67.2148
61.9212
65.1389
57.199
56.1688
56.8435
57.5954
58.377
59.3354
60.1675
61.0212
61.5446
61.9066
62.0913
62.1788
61.9706
61.8154
61.3485
60.6915
59.7557
58.9353
57.7969
56.571
55.3791
53.5701
53.1524
49.2885
52.2761
46.4579
28.5222
29.7169
31.0261
32.3061
33.6918
35.0763
36.4046
37.6142
38.5425
39.4038
40.2361
40.6835
41.1073
41.3789
41.5653
41.4651
41.3631
41.1039
40.6822
40.1791
39.2303
39.2692
36.7195
39.4368
35.5413
10.8453
11.7999
12.9227
14.0656
15.2895
16.5902
17.9051
19.1642
20.3179
21.3567
22.3516
23.1928
23.9593
24.588
25.1853
25.5647
25.9181
26.1114
26.2164
26.2284
25.9259
26.3045
24.8607
27.2447
25.029
2.50972
2.94985
3.55094
4.21166
4.93872
5.75169
6.62246
7.50121
8.35707
9.16984
9.96097
10.6864
11.3726
11.9796
12.5754
13.0611
13.5263
13.8996
14.2355
14.5134
14.6062
15.1567
14.5525
16.5334
15.6464
0.153675
0.192867
0.327668
0.519159
0.76073
1.06532
1.42277
1.80989
2.21104
2.61763
3.02405
3.41927
3.80289
4.162
4.51561
4.83652
5.153
5.44218
5.72994
6.02838
6.25739
6.80328
6.74584
8.25513
8.24789
0.336094
0.218366
0.118106
0.0658841
0.0460508
0.0522013
0.0826714
0.13278
0.198173
0.275862
0.361504
0.451701
0.545292
0.640733
0.741898
0.847658
0.969022
1.10757
1.27952
1.50332
1.7618
2.20826
2.48061
3.49711
3.85322
1.42234
1.26039
1.06058
0.931578
0.843308
0.760102
0.687143
0.635995
0.608698
0.599591
0.612191
0.643311
0.701349
0.779479
0.894265
1.03
1.21787
1.42402
1.70528
1.99078
2.38973
2.77138
3.23874
3.80421
3.87958
3.37114
3.18353
2.9135
2.7776
2.72138
2.66717
2.64425
2.67262
2.77081
2.90981
3.12638
3.38325
3.74113
4.12628
4.64016
5.14897
5.81988
6.4137
7.20926
7.80375
8.65704
9.11627
9.83749
10.112
9.48544
7.43127
7.15716
6.78123
6.673
6.72135
6.77318
6.92553
7.17932
7.59588
8.07514
8.73508
9.43706
10.3531
11.2545
12.401
13.4381
14.7481
15.794
17.1626
18.0573
19.3442
19.8735
20.774
20.9191
19.6876
16.1155
15.6342
15.0758
15.0394
15.262
15.4818
15.9106
16.506
17.3608
18.2779
19.4515
20.6229
22.0431
23.3522
24.8916
26.1911
27.689
28.8009
30.1659
30.9699
32.0766
32.4444
33.035
33.0974
31.3791
32.678
31.617
30.5996
30.551
30.8317
31.0829
31.6479
32.44
33.5002
34.575
35.866
37.0539
38.3853
39.4904
40.6793
41.5419
42.4082
42.9346
43.546
43.749
44.0215
43.9797
43.7159
43.9518
41.2924
58.11
55.5955
53.44
52.9246
52.7506
52.5116
52.6868
53.1266
53.7448
54.3125
54.9898
55.4621
55.9519
56.1733
56.3549
56.2288
55.9777
55.6373
55.2077
54.5309
53.7787
53.2615
52.1781
52.2584
48.8437
88.7584
83.8345
79.8033
78.3003
77.0811
75.7976
75.0619
74.5985
74.1964
73.7202
73.2557
72.6092
71.8535
70.9424
69.8321
68.6038
67.1839
65.9466
64.6298
63.4003
61.9588
61.1589
59.2951
59.5918
55.2954
119.847
111.62
105.327
102.642
100.07
97.4665
95.5725
93.9043
92.2115
90.4486
88.7032
86.6226
84.7003
82.6434
80.5684
78.4841
76.2934
74.4194
72.4949
71.0338
69.1764
68.4373
66.2095
66.9973
62.139
147.997
136.155
127.626
123.841
119.826
115.888
112.705
109.724
106.689
103.707
100.721
97.6304
94.644
91.7891
88.9986
86.4594
83.8784
81.8247
79.7308
78.4011
76.6135
76.2844
74.1111
75.7422
70.8073
172.837
156.903
146.219
141.353
135.901
130.665
126.296
122.001
117.751
113.657
109.77
105.982
102.436
99.2272
96.2404
93.7225
91.2664
89.492
87.688
86.8636
85.5706
86.0812
84.4551
87.3842
82.9259
195.234
174.345
161.389
155.422
148.734
142.118
136.447
131.1
125.981
121.265
116.976
113.052
109.528
106.51
103.851
101.841
100.01
99.0047
97.9634
98.1198
97.8474
99.5629
99.1435
104.04
100.864
215.79
189.301
174.084
166.859
158.647
150.773
144.145
138.211
132.816
128.111
124.064
120.629
117.754
115.521
113.764
112.794
112.125
112.403
112.748
114.364
115.795
119.451
121.008
128.858
128.199
235.732
202.888
185.111
176.257
166.517
157.879
150.916
145.177
140.321
136.432
133.379
131.124
129.582
128.787
128.591
129.288
130.429
132.641
135.138
139.081
143.097
149.756
154.499
166.887
170.662
256.679
216.268
195.389
184.658
174.138
165.67
159.422
154.94
151.625
149.468
148.262
148.03
148.613
150.071
152.246
155.48
159.343
164.488
170.248
177.715
185.821
197.147
206.776
226.373
237.907
281.578
231.297
206.605
194.467
184.824
178.18
174.196
172.364
171.788
172.559
174.333
177.149
180.971
185.833
191.589
198.609
206.616
216.169
226.966
239.997
254.329
273.255
290.616
321.547
346.211
314.853
251.143
222.888
212.033
206.332
203.992
204.284
207.065
211.012
216.17
222.554
230.118
238.887
248.915
260.198
273.072
287.524
304.058
322.794
344.642
369.158
400.088
430.259
479.019
526.334
369.712
288.105
259.748
256.876
260.124
265.951
274.047
284.301
295.444
307.918
321.854
337.143
353.927
372.365
392.637
415.146
440.297
468.481
500.588
537.412
579.384
630.544
684.066
760.848
850.53
576.021
457.9
449.029
479.412
513.16
544.171
577.271
612.479
649.714
688.895
730.375
773.808
820.223
869.765
923.994
983.097
1049.38
1122.93
1207.32
1303.05
1414.02
1544.48
1691.61
1881.7
2129.45
0
0
0
0
0
0
0
0
0
0
0
0
0
0
0
0
0
0
0
0
0
0
0
0
0
)
;


// ************************************************************************* //
