/*--------------------------------*- C++ -*----------------------------------*\
  =========                 |
  \\      /  F ield         | OpenFOAM: The Open Source CFD Toolbox
   \\    /   O peration     | Website:  https://openfoam.org
    \\  /    A nd           | Version:  11
     \\/     M anipulation  |
\*---------------------------------------------------------------------------*/
FoamFile
{
    format      ascii;
    class       volScalarField::Internal;
    location    "200";
    object      tmp<kEpsilon:G>;
}
// * * * * * * * * * * * * * * * * * * * * * * * * * * * * * * * * * * * * * //

dimensions      [0 2 -3 0 0 0 0];

value           nonuniform List<scalar> 
12225
(
0
0
0
0
0
0
0
0
0
0
0
0
0
0
0
0
0
0
947.066
499.276
262.426
277.618
379.803
495.345
604.964
715.415
802.503
888.848
950.191
1009.34
1048.98
1086.29
1113.95
1133.27
1171.33
1145.43
86.0781
123.082
55.4854
17.2167
5.17975
4.39491
8.7959
16.6834
26.606
38.3827
50.8906
64.088
77.5368
90.4457
104.111
115.59
130.136
136.58
5.16943
1.72721
0.642801
0.702595
0.465973
0.185618
0.0272096
0.189498
0.791095
1.88215
3.44633
5.42528
7.84025
10.4332
13.5115
16.4285
19.9937
22.919
0.228996
0.132278
0.147926
0.313812
0.425635
0.405539
0.288122
0.152129
0.0557935
0.0243625
0.0745121
0.214005
0.452248
0.773389
1.20566
1.68783
2.28253
2.86495
0.178055
0.187879
0.265149
0.319926
0.32203
0.316532
0.288441
0.237156
0.180201
0.12484
0.0777527
0.0432352
0.0261043
0.0287781
0.0537696
0.100366
0.166526
0.246838
0.127219
0.210107
0.230406
0.212282
0.211427
0.229496
0.237114
0.225634
0.205855
0.181694
0.155686
0.128572
0.103594
0.082123
0.0660756
0.0574006
0.0563475
0.0622756
0.0976964
0.147831
0.159051
0.156505
0.166772
0.187018
0.199154
0.198613
0.192813
0.184515
0.174367
0.162153
0.149691
0.137749
0.128004
0.121711
0.12093
0.123471
0.0742242
0.104042
0.121588
0.129837
0.141243
0.156899
0.167904
0.171147
0.17091
0.169464
0.166971
0.163379
0.159478
0.156084
0.154257
0.154883
0.159572
0.165996
0.0562296
0.0772525
0.0968901
0.108338
0.118845
0.131645
0.141942
0.147057
0.149356
0.150823
0.151805
0.152264
0.152813
0.153982
0.156614
0.16099
0.168394
0.176196
0.0424719
0.0582987
0.076859
0.0894217
0.099794
0.111099
0.120744
0.126652
0.130144
0.132857
0.135305
0.137547
0.140019
0.143119
0.147404
0.152898
0.160339
0.167578
0.0325355
0.0451314
0.0620135
0.075037
0.0854186
0.0957209
0.10468
0.110796
0.114813
0.118025
0.120998
0.123861
0.126933
0.130507
0.134935
0.140122
0.146487
0.152311
0.0246435
0.0347829
0.0499056
0.0630082
0.0734281
0.0830556
0.091467
0.0976326
0.101944
0.105384
0.108509
0.111504
0.114599
0.118008
0.121934
0.126251
0.131188
0.135488
0.0176587
0.0257727
0.0389555
0.0515615
0.0618923
0.0710067
0.0789239
0.0850413
0.0895309
0.0930787
0.0961857
0.0990676
0.101894
0.104806
0.107914
0.111091
0.114477
0.117221
0.0117279
0.0182928
0.0296395
0.0413813
0.0514007
0.0600493
0.0675006
0.0734604
0.0779884
0.0815306
0.0844985
0.0871109
0.0895014
0.0917617
0.0939551
0.0959833
0.0979588
0.0993665
0.00694972
0.0123464
0.0220677
0.0327696
0.0422933
0.0504877
0.0574946
0.0631952
0.0676108
0.0710241
0.0737495
0.0759921
0.0778691
0.0794536
0.0807957
0.0818458
0.0827064
0.0831306
0.0034087
0.00796349
0.0163747
0.0260543
0.0349823
0.0427107
0.0492789
0.0546389
0.0588066
0.061968
0.0643643
0.06618
0.0675317
0.0684951
0.0691284
0.0694305
0.0694891
0.0692625
0.00121686
0.00522836
0.0127272
0.0215746
0.0298993
0.037122
0.0432098
0.0481384
0.0519255
0.0547124
0.0566992
0.0580571
0.0589078
0.0593378
0.0594178
0.0591858
0.058703
0.0580758
0.000668624
0.00447371
0.0116205
0.0200808
0.0279948
0.0347651
0.0403727
0.0448124
0.0481051
0.0503901
0.0518704
0.0527244
0.0530818
0.0530405
0.0526804
0.0520684
0.0512279
0.050379
0.00202645
0.00607933
0.0136874
0.0224279
0.0302301
0.0366763
0.0419126
0.0459292
0.0487194
0.0504587
0.0514041
0.0517598
0.0516608
0.0512095
0.0504898
0.0495788
0.0484757
0.0474371
0.00470265
0.0094192
0.0181563
0.0275406
0.0352215
0.0412777
0.0461574
0.0497851
0.0520926
0.0533247
0.0538075
0.0537528
0.053284
0.0525083
0.0515165
0.0503921
0.0491165
0.0479519
0.00868807
0.0148618
0.0252871
0.0352461
0.0427812
0.0485603
0.0530678
0.0560693
0.0576126
0.0581848
0.058184
0.0577586
0.0569749
0.055935
0.0547292
0.0534396
0.0520256
0.050757
0.0139549
0.0239029
0.0362086
0.0444527
0.0509147
0.0572677
0.0624214
0.0650719
0.0656308
0.0652607
0.0645347
0.0635192
0.062221
0.0607517
0.0591838
0.0575899
0.0558943
0.0543381
0.0214238
0.042178
0.0593286
0.0605794
0.0598776
0.0639493
0.0699101
0.0737545
0.0750128
0.0750115
0.0742592
0.0727567
0.0705835
0.0680161
0.0651914
0.0622656
0.0591631
0.0562441
0.0431854
0.0754091
0.093767
0.105025
0.0975197
0.090546
0.0880102
0.0867438
0.0852501
0.083453
0.0805533
0.0761052
0.0702789
0.0637129
0.0568232
0.0500905
0.0436741
0.0380591
0.080086
0.213425
0.0681535
0.0791234
0.167928
0.215385
0.214731
0.189886
0.158725
0.1281
0.098962
0.0725993
0.0506811
0.0349195
0.026394
0.0258733
0.0334679
0.0490943
0.667495
0.126972
0.315734
0.505503
0.373185
0.295618
0.229545
0.141663
0.0605516
0.0116419
0.0105992
0.0682087
0.189201
0.374977
0.620549
0.923984
1.27145
1.66083
32.2301
70.9022
43.2292
18.261
7.06668
2.67133
1.11393
1.00815
1.81682
3.28556
5.25823
7.63559
10.2756
13.1586
16.1301
19.2261
22.2428
25.2883
455.62
257.636
100.996
70.5624
91.6365
128.071
167.963
206.006
241.15
273.9
303.024
329.702
353.017
374.43
392.968
410.45
425.839
440.912
0
0
0
0
0
0
0
0
0
0
0
0
0
0
0
0
0
0
0
0
0
0
0
0
0
0
0
0
0
0
0
0
0
0
0
0
0
0
0
0
0
0
0
0
0
0
0
0
0
0
0
0
11.6206
12.3261
13.061
14.5256
15.6795
17.1626
18.6309
20.2251
21.8824
23.6326
25.4627
27.38
29.3815
31.4712
33.6477
35.9147
38.2709
40.7201
43.2607
45.8963
48.6251
51.4507
54.3703
57.3875
60.4989
63.7076
67.0094
70.4071
73.8955
77.4771
81.1456
84.9028
88.7414
92.6627
96.6581
100.728
104.864
109.064
113.318
117.626
121.975
126.364
130.778
135.216
139.663
144.115
148.558
152.986
157.382
161.74
166.043
170.281
174.435
178.494
182.437
186.248
189.907
193.396
196.696
199.797
202.708
205.423
207.945
210.261
212.365
214.246
215.895
217.302
218.459
219.358
219.991
220.352
220.435
220.237
219.753
218.98
217.919
216.568
214.93
213.006
210.801
208.319
205.57
202.561
199.303
195.808
192.08
188.077
183.915
179.528
174.995
170.318
165.48
160.512
155.433
150.258
145.008
139.697
134.347
128.971
123.59
118.218
112.871
107.563
102.309
97.1261
92.0262
87.0212
82.1193
77.3273
72.6509
68.0949
63.6625
59.3561
55.1754
51.1204
47.1885
43.3768
39.6803
36.0938
32.6098
29.2205
25.9162
22.6872
19.5222
16.4096
13.3376
10.2942
7.27368
4.30268
1.67793
2.46032
5.30412
8.35174
11.5529
14.9104
18.4543
22.2113
26.204
30.4449
34.9314
39.6235
44.5217
49.167
54.1576
53.2445
0
0.00755988
0.0326891
0.0750198
0.162449
0.300561
0.480176
0.687549
0.908656
1.13373
1.35842
1.58213
1.80649
2.03417
2.26806
2.51039
2.76264
3.02551
3.29695
3.56982
3.83602
4.08708
4.29766
4.44079
4.56325
4.871
5.59586
5.96861
5.96171
5.89691
5.16366
4.49249
4.2222
4.59668
4.52649
4.82904
5.52269
5.58908
5.31094
5.1587
5.06694
4.96522
4.85573
4.73909
4.6174
4.49163
4.36276
4.23162
4.09909
3.96584
3.83259
3.69985
3.56826
3.43839
3.31094
3.18648
3.06577
2.94955
2.83872
2.73413
2.63679
2.54772
2.46812
2.39915
2.3421
2.29827
2.26903
2.25576
2.2599
2.2829
2.32622
2.39131
2.47961
2.59254
2.73145
2.89767
3.09236
3.31666
3.57156
3.85803
4.17675
4.52826
4.91277
5.33027
5.78009
6.26097
6.7706
7.30545
7.86031
8.42841
9.00228
9.57348
10.1315
10.6644
11.1517
11.6421
12.1315
12.6317
13.1448
13.672
14.213
14.7669
15.3323
15.9075
16.4908
17.0802
17.6733
18.2679
18.8614
19.4511
20.034
20.6072
21.1675
21.7116
22.2365
22.7389
23.2156
23.6641
24.0821
24.4674
24.8166
25.128
25.3952
25.6154
25.7893
25.927
26.0221
26.0713
26.0768
26.0394
25.96
25.8406
25.6827
25.4893
25.2627
25.007
24.726
24.4236
24.103
23.7683
23.4241
23.0748
22.7252
22.379
22.0401
21.712
21.3989
21.1044
20.8324
20.5864
20.3704
20.1877
20.0423
19.9376
19.8781
19.8676
19.911
20.0131
20.1751
20.4014
20.7043
21.0924
21.5785
22.1901
22.9544
23.9491
25.2831
26.9056
28.7578
30.8503
33.1579
35.6528
38.3037
41.075
43.9125
46.8079
49.5977
53.2002
56.8187
69.0816
0
0.117897
0.264376
0.380977
0.505788
0.666202
0.876021
1.1308
1.41641
1.71798
2.02459
2.33034
2.63346
2.93461
3.2353
3.53652
3.838
4.13791
4.43175
4.71083
4.96272
5.1766
5.35235
5.48827
5.61352
5.77816
5.94386
5.98344
5.86871
5.6746
5.44788
5.28857
5.20792
5.18838
5.13515
5.188
5.32727
5.41591
5.42835
5.44791
5.52638
5.64067
5.78341
5.95064
6.14095
6.35306
6.58591
6.83841
7.10976
7.39919
7.70615
8.03005
8.37039
8.72668
9.09857
9.4856
9.88741
10.3035
10.7336
11.1773
11.6342
12.1038
12.5857
13.0796
13.5851
14.1018
14.6295
15.1677
15.716
16.2741
16.8416
17.4183
18.0037
18.5976
19.1998
19.8099
20.4276
21.0524
21.684
22.3218
22.9656
23.6145
24.2683
24.9261
25.5875
26.2516
26.918
27.5862
28.2568
28.9324
29.6194
30.3296
31.081
31.8935
32.7996
33.7362
34.697
35.674
36.6641
37.6655
38.6766
39.695
40.7178
41.7417
42.7632
43.7783
44.783
45.7729
46.7432
47.6891
48.6053
49.4865
50.327
51.1217
51.8646
52.5504
53.1737
53.7308
54.218
54.6312
54.9644
55.2128
55.3775
55.4498
55.4275
55.3271
55.144
54.8771
54.5302
54.1065
53.6088
53.0425
52.4118
51.7234
50.9834
50.2
49.3813
48.5355
47.6687
46.787
45.8982
45.0122
44.1389
43.2871
42.4637
41.6755
40.929
40.2313
39.588
39.0054
38.4888
38.044
37.6761
37.3906
37.192
37.0817
37.066
37.1548
37.3549
37.6779
38.1353
38.7529
39.5807
40.6203
41.8528
43.259
44.7817
46.4019
48.1583
50.0713
52.1279
54.2898
56.5325
58.82
61.1112
63.4535
65.827
69.39
74.1655
86.1272
0
0.346974
0.639017
0.849882
1.00668
1.16016
1.34753
1.57992
1.85352
2.15786
2.48116
2.81343
3.14753
3.47881
3.8039
4.11951
4.42146
4.70428
4.96087
5.18277
5.36195
5.4938
5.57952
5.63007
5.66912
5.73406
5.82718
5.88377
5.87602
5.82007
5.73706
5.69191
5.76753
5.94429
6.12463
6.37031
6.69293
7.00569
7.28204
7.56652
7.87726
8.21314
8.57278
8.95535
9.36064
9.78844
10.2384
10.71
11.2025
11.7154
12.2481
12.8001
13.3706
13.9593
14.5657
15.1893
15.8298
16.4868
17.16
17.849
18.5536
19.2734
20.0083
20.758
21.5224
22.3014
23.095
23.9029
24.7252
25.5618
26.4126
27.2778
28.1573
29.0512
29.9596
30.8826
31.8203
32.7725
33.7393
34.7207
35.7167
36.7274
37.7529
38.7935
39.8497
40.9222
42.0122
43.1216
44.254
45.4148
46.6122
47.8538
49.141
50.4684
51.8295
53.215
54.625
56.055
57.5008
58.9589
60.4258
61.8979
63.371
64.8404
66.3012
67.7481
69.1757
70.578
71.9487
73.2813
74.5686
75.8037
76.9792
78.0877
79.1218
80.0738
80.9371
81.7063
82.3761
82.941
83.3931
83.7249
83.9378
84.0282
83.9855
83.827
83.5542
83.1658
82.6685
82.0658
81.3624
80.5644
79.6786
78.713
77.6765
76.5799
75.4344
74.2505
73.0363
71.7998
70.5508
69.3031
68.0703
66.8652
65.6971
64.5761
63.5105
62.5101
61.5818
60.7346
59.9749
59.3075
58.7373
58.2754
57.9274
57.7027
57.6106
57.6595
57.8685
58.2534
58.8113
59.546
60.4559
61.539
62.8015
64.2267
65.7576
67.3627
69.0615
70.8703
72.7786
74.7596
76.7851
78.8331
80.8949
83.0814
85.4865
89.4268
94.9604
105.31
0
0.621205
1.06174
1.39084
1.59838
1.75482
1.91779
2.11039
2.33905
2.60108
2.8886
3.19194
3.50186
3.81036
4.11057
4.39623
4.66116
4.89912
5.104
5.27058
5.39631
5.48385
5.54264
5.58804
5.64155
5.72134
5.83167
5.95223
6.06178
6.15801
6.25423
6.37906
6.56249
6.80483
7.09313
7.43924
7.83903
8.25983
8.68591
9.12864
9.59715
10.093
10.6159
11.1653
11.7408
12.3423
12.9697
13.6228
14.3013
15.0048
15.7331
16.4858
17.2627
18.0634
18.8879
19.7358
20.607
21.5015
22.4191
23.3598
24.3237
25.3108
26.3211
27.3548
28.4122
29.4933
30.5984
31.7278
32.8815
34.06
35.2633
36.4917
37.7455
39.0249
40.3301
41.6613
43.0187
44.4022
45.812
47.2482
48.7109
50.2002
51.7164
53.26
54.8315
56.4319
58.0627
59.7257
61.4236
63.1599
64.9385
66.7605
68.6209
70.5102
72.4218
74.3553
76.3112
78.2864
80.2766
82.2774
84.2842
86.2919
88.2951
90.2877
92.2637
94.2166
96.1397
98.0256
99.8667
101.655
103.382
105.039
106.617
108.107
109.5
110.787
111.96
113.011
113.935
114.723
115.366
115.854
116.188
116.368
116.379
116.233
115.94
115.497
114.915
114.197
113.349
112.377
111.289
110.096
108.807
107.435
105.994
104.496
102.951
101.369
99.7625
98.1474
96.5408
94.9569
93.4091
91.9092
90.4689
89.0961
87.8006
86.5941
85.4867
84.4865
83.6049
82.8506
82.2326
81.7673
81.4621
81.3155
81.3337
81.5173
81.8704
82.3976
83.0992
83.9692
85.0069
86.1929
87.4808
88.8357
90.2635
91.7721
93.3631
95.0171
96.7223
98.4764
100.306
102.38
104.877
109.113
114.899
123.715
0
0.877994
1.43739
1.88448
2.15397
2.32557
2.47166
2.62355
2.79571
2.99285
3.21268
3.44876
3.69302
3.93733
4.17422
4.39708
4.6002
4.77894
4.93003
5.05223
5.14727
5.2207
5.28215
5.34446
5.42221
5.52804
5.66693
5.83341
6.01873
6.21937
6.43918
6.68834
6.9772
7.31132
7.6924
8.1243
8.60425
9.12076
9.66494
10.2368
10.8389
11.4727
12.1386
12.8365
13.5663
14.3279
15.1212
15.9463
16.8031
17.6917
18.6121
19.5643
20.5483
21.5643
22.6124
23.6927
24.8056
25.9513
27.1303
28.343
29.5899
30.8715
32.1882
33.5408
34.9298
36.3558
37.8194
39.3212
40.8618
42.4416
44.0612
45.7209
47.4211
49.1622
50.9443
52.7678
54.6327
56.5389
58.4863
60.4749
62.5044
64.5748
66.6859
68.8377
71.0303
73.2641
75.5394
77.8569
80.2171
82.6206
85.0671
87.5539
90.0746
92.6209
95.1874
97.7733
100.377
102.997
105.627
108.263
110.898
113.527
116.142
118.738
121.305
123.838
126.327
128.764
131.141
133.448
135.675
137.813
139.851
141.778
143.584
145.259
146.793
148.179
149.407
150.467
151.349
152.04
152.54
152.853
152.962
152.871
152.595
152.133
151.497
150.693
149.727
148.606
147.337
145.931
144.401
142.761
141.026
139.209
137.323
135.378
133.392
131.381
129.365
127.358
125.377
123.437
121.554
119.738
118.006
116.369
114.837
113.427
112.15
111.01
110.013
109.163
108.465
107.923
107.541
107.32
107.261
107.365
107.631
108.051
108.619
109.315
110.105
110.961
111.881
112.875
113.945
115.09
116.309
117.625
119.098
120.935
123.357
127.579
133.062
140.574
0
1.08531
1.71277
2.25065
2.57604
2.76728
2.90336
3.0203
3.13799
3.26707
3.41065
3.56669
3.73036
3.89583
4.05739
4.21008
4.35007
4.4749
4.58376
4.67773
4.76014
4.83666
4.91514
5.00495
5.11585
5.25607
5.43036
5.63888
5.87913
6.14933
6.4503
6.78559
7.15967
7.57649
8.03946
8.55138
9.11179
9.71626
10.36
11.041
11.759
12.5148
13.3086
14.1408
15.0115
15.921
16.8695
17.8572
18.8845
19.9518
21.0596
22.2083
23.3986
24.6311
25.9065
27.2256
28.5893
29.9987
31.4546
32.9582
34.5107
36.1131
37.7667
39.4726
41.232
43.046
44.9158
46.8423
48.8264
50.8691
52.9709
55.1326
57.3545
59.6369
61.9801
64.3841
66.8486
69.3733
71.9576
74.6009
77.3024
80.0612
82.8764
85.7468
88.6714
91.6492
94.6789
97.7592
100.888
104.064
107.283
110.541
113.829
117.142
120.473
123.819
127.178
130.544
133.914
137.28
140.636
143.974
147.286
150.564
153.8
156.984
160.108
163.162
166.137
169.021
171.804
174.474
177.021
179.433
181.696
183.801
185.738
187.496
189.064
190.431
191.583
192.508
193.203
193.672
193.902
193.888
193.646
193.178
192.497
191.613
190.531
189.259
187.803
186.176
184.39
182.463
180.409
178.244
175.982
173.634
171.221
168.763
166.281
163.794
161.321
158.881
156.49
154.168
151.929
149.786
147.747
145.823
144.02
142.347
140.808
139.41
138.153
137.043
136.079
135.263
134.593
134.071
133.69
133.445
133.324
133.315
133.388
133.529
133.735
134.018
134.388
134.853
135.432
136.168
137.147
138.594
140.73
144.631
149.397
155.699
0
1.22885
1.8623
2.44904
2.80932
3.01524
3.14365
3.23234
3.30406
3.37346
3.44809
3.53016
3.61867
3.71105
3.80435
3.89601
3.98427
4.06848
4.14923
4.2285
4.30964
4.39729
4.49718
4.61575
4.75957
4.93446
5.14454
5.39183
5.6767
5.99906
6.35942
6.75922
7.20066
7.68637
8.21904
8.80094
9.43281
10.1135
10.8411
11.614
12.4317
13.2943
14.202
15.1554
16.1549
17.2012
18.2949
19.4369
20.628
21.8691
23.1614
24.506
25.9041
27.3573
28.8669
30.4346
32.0621
33.7513
35.504
37.3221
39.2076
41.1625
43.1887
45.2882
47.4628
49.7143
52.0443
54.4545
56.946
59.52
62.1776
64.9193
67.7456
70.6567
73.6525
76.7326
79.8965
83.143
86.4708
89.8785
93.3642
96.9258
100.561
104.267
108.041
111.881
115.782
119.742
123.756
127.82
131.926
136.07
140.242
144.435
148.642
152.857
157.075
161.291
165.497
169.687
173.851
177.981
182.067
186.1
190.071
193.97
197.787
201.51
205.13
208.634
212.012
215.25
218.337
221.26
224.005
226.561
228.918
231.064
232.984
234.666
236.096
237.26
238.153
238.778
239.122
239.182
238.965
238.478
237.735
236.749
235.529
234.079
232.408
230.528
228.453
226.199
223.783
221.223
218.533
215.731
212.837
209.877
206.871
203.846
200.822
197.817
194.849
191.935
189.088
186.321
183.646
181.073
178.607
176.258
174.03
171.927
169.95
168.103
166.386
164.798
163.337
162.002
160.789
159.691
158.698
157.799
156.979
156.23
155.556
154.974
154.5
154.157
153.977
154.02
154.388
155.308
156.973
160.316
164.118
169.23
0
1.30908
1.88661
2.47444
2.84299
3.05183
3.17062
3.2363
3.27235
3.29562
3.31664
3.34096
3.37092
3.40698
3.44883
3.49604
3.54854
3.60686
3.67229
3.74691
3.8335
3.93567
4.05739
4.20309
4.37728
4.58418
4.8273
5.10915
5.43131
5.79486
6.20077
6.65027
7.14493
7.68671
8.27769
8.91994
9.61453
10.3619
11.1617
12.0137
12.9179
13.8746
14.8842
15.9477
17.0661
18.2403
19.472
20.7623
22.1131
23.5261
25.0032
26.5464
28.1579
29.8401
31.5956
33.4269
35.3369
37.3284
39.4043
41.5678
43.8217
46.1689
48.6125
51.1552
53.7997
56.5484
59.4036
62.3674
65.4415
68.6273
71.9258
75.3377
78.8633
82.5025
86.2548
90.119
94.0937
98.177
102.367
106.659
111.052
115.541
120.122
124.79
129.541
134.369
139.268
144.232
149.254
154.328
159.443
164.592
169.764
174.952
180.144
185.334
190.513
195.674
200.808
205.906
210.957
215.951
220.877
225.725
230.485
235.144
239.693
244.12
248.412
252.558
256.546
260.363
263.996
267.43
270.653
273.654
276.42
278.938
281.192
283.167
284.85
286.226
287.29
288.038
288.463
288.561
288.334
287.79
286.945
285.815
284.41
282.734
280.797
278.609
276.188
273.549
270.712
267.695
264.518
261.203
257.772
254.248
250.657
247.021
243.36
239.695
236.046
232.43
228.862
225.354
221.921
218.571
215.313
212.151
209.093
206.14
203.297
200.562
197.938
195.422
193.014
190.711
188.51
186.405
184.391
182.461
180.609
178.837
177.159
175.595
174.173
172.925
171.896
171.157
170.821
171.098
172.143
174.758
177.476
181.45
0
1.33455
1.80375
2.34961
2.69967
2.8972
3.00182
3.0477
3.05752
3.04876
3.03345
3.01925
3.01077
3.0107
3.02061
3.04179
3.07512
3.12179
3.18325
3.26139
3.35827
3.47668
3.61946
3.78983
3.99107
4.22642
4.49885
4.81092
5.16475
5.56209
6.00447
6.49344
7.03067
7.61801
8.25745
8.95097
9.69982
10.5056
11.3692
12.2914
13.2731
14.3152
15.4188
16.5855
17.817
19.1152
20.4825
21.9212
23.4339
25.0236
26.6931
28.4457
30.2847
32.2138
34.2367
36.3574
38.5799
40.9084
43.3472
45.9004
48.5722
51.3668
54.288
57.3397
60.5252
63.8478
67.3105
70.9155
74.665
78.5605
82.6029
86.7928
91.1299
95.6136
100.242
105.014
109.927
114.977
120.159
125.471
130.905
136.457
142.119
147.885
153.747
159.696
165.724
171.822
177.98
184.187
190.432
196.704
202.992
209.282
215.563
221.825
228.057
234.249
240.388
246.465
252.466
258.379
264.193
269.896
275.475
280.92
286.217
291.355
296.321
301.103
305.688
310.063
314.215
318.13
321.795
325.199
328.328
331.167
333.701
335.914
337.795
339.329
340.505
341.317
341.76
341.832
341.53
340.854
339.829
338.472
336.804
334.824
332.54
329.968
327.125
324.029
320.701
317.159
313.427
309.525
305.476
301.304
297.035
292.691
288.296
283.87
279.436
275.01
270.611
266.25
261.943
257.699
253.526
249.43
245.418
241.491
237.653
233.905
230.246
226.676
223.196
219.802
216.493
213.268
210.124
207.061
204.081
201.196
198.427
195.804
193.362
191.145
189.205
187.624
186.509
186.054
186.368
188.142
189.735
192.614
0
1.31866
1.64165
2.1126
2.42193
2.59489
2.67994
2.70734
2.69808
2.66909
2.63278
2.59773
2.56976
2.55264
2.54885
2.56038
2.58884
2.63572
2.70251
2.79077
2.90222
3.03886
3.20281
3.39648
3.62243
3.88327
4.18167
4.52016
4.90114
5.32678
5.79913
6.3202
6.89207
7.51696
8.19717
8.93522
9.73299
10.5928
11.5161
12.5048
13.5606
14.6854
15.8817
17.1518
18.4987
19.9255
21.4357
23.0331
24.7214
26.5049
28.3879
30.3749
32.4709
34.6808
37.0102
39.4643
42.0489
44.7695
47.632
50.6417
53.8043
57.1248
60.6084
64.2597
68.0829
72.0818
76.2597
80.6192
85.1625
89.8908
94.8048
99.9042
105.188
110.655
116.302
122.125
128.121
134.283
140.606
147.083
153.706
160.466
167.354
174.359
181.471
188.678
195.967
203.328
210.745
218.205
225.695
233.199
240.703
248.192
255.651
263.066
270.424
277.711
284.913
292.016
299.006
305.869
312.592
319.161
325.564
331.786
337.816
343.64
349.247
354.623
359.759
364.64
369.251
373.581
377.618
381.35
384.762
387.838
390.561
392.917
394.893
396.477
397.656
398.424
398.776
398.715
398.226
397.307
395.995
394.305
392.268
389.885
387.165
384.121
380.768
377.126
373.213
369.052
364.665
360.076
355.308
350.387
345.338
340.186
334.954
329.665
324.341
319.002
313.666
308.348
303.061
297.818
292.625
287.49
282.419
277.415
272.481
267.619
262.829
258.112
253.468
248.898
244.401
239.981
235.638
231.38
227.216
223.167
219.262
215.539
212.04
208.818
205.934
203.47
201.53
200.281
199.788
200.656
201.134
202.975
0
1.27674
1.43159
1.80707
2.06016
2.19815
2.25855
2.26741
2.24374
2.20332
2.15795
2.1159
2.08339
2.06452
2.06223
2.0787
2.11534
2.17347
2.25427
2.35893
2.48877
2.64533
2.83041
3.04601
3.29438
3.57791
3.89919
4.26087
4.66562
5.11603
5.61469
6.1642
6.76725
7.42667
8.14519
8.92592
9.77156
10.6861
11.6714
12.7305
13.8664
15.0821
16.3812
17.7679
19.2465
20.822
22.4994
24.284
26.1813
28.197
30.337
32.6077
35.0156
37.5677
40.2711
43.1329
46.1606
49.3613
52.7422
56.3102
60.0719
64.0337
68.2013
72.5801
77.1748
81.9893
87.027
92.2902
97.7807
103.499
109.445
115.616
122.012
128.627
135.458
142.499
149.742
157.181
164.807
172.608
180.575
188.695
196.956
205.342
213.841
222.436
231.112
239.851
248.637
257.454
266.284
275.108
283.908
292.665
301.362
309.982
318.507
326.921
335.207
343.348
351.329
359.134
366.748
374.156
381.344
388.299
395.006
401.453
407.628
413.518
419.11
424.394
429.357
433.986
438.271
442.201
445.76
448.932
451.702
454.053
455.975
457.457
458.489
459.066
459.188
458.852
458.045
456.761
455.045
452.9
450.375
447.471
444.193
440.554
436.569
432.257
427.639
422.739
417.582
412.192
406.594
400.813
394.877
388.809
382.635
376.379
370.065
363.713
357.343
350.971
344.612
338.277
331.975
325.716
319.502
313.342
307.236
301.188
295.199
289.272
283.408
277.611
271.883
266.23
260.659
255.181
249.817
244.59
239.539
234.708
230.148
225.917
222.08
218.719
215.93
213.852
212.515
212.451
211.855
212.718
0
1.22259
1.2028
1.4743
1.66289
1.75922
1.7915
1.78148
1.74604
1.69968
1.65332
1.61494
1.58988
1.58172
1.59287
1.62492
1.67903
1.75607
1.85685
1.98224
2.13332
2.31144
2.5182
2.75551
3.02557
3.33086
3.67413
4.05829
4.48645
4.96169
5.48728
6.06667
6.70342
7.40126
8.16408
8.99608
9.9007
10.8819
11.944
13.0915
14.3289
15.6615
17.0942
18.6333
20.2852
22.0567
23.9548
25.9868
28.16
30.4819
32.9606
35.6043
38.4217
41.4216
44.6132
48.0054
51.6072
55.4272
59.4739
63.7552
68.2787
73.0511
78.0785
83.3664
88.9191
94.7402
100.832
107.196
113.833
120.741
127.919
135.362
143.067
151.026
159.233
167.679
176.354
185.245
194.342
203.631
213.096
222.722
232.492
242.387
252.39
262.481
272.639
282.845
293.078
303.317
313.541
323.729
333.857
343.905
353.851
363.675
373.355
382.874
392.212
401.349
410.269
418.952
427.383
435.546
443.425
451.007
458.278
465.225
471.835
478.096
483.998
489.528
494.675
499.432
503.789
507.734
511.254
514.335
516.962
519.126
520.819
522.026
522.749
522.967
522.703
521.931
520.647
518.839
516.556
513.797
510.623
507.043
503.055
498.671
493.908
488.784
483.322
477.55
471.493
465.177
458.628
451.871
444.934
437.842
430.622
423.298
415.897
408.439
400.946
393.435
385.923
378.42
370.938
363.484
356.068
348.692
341.363
334.083
326.857
319.687
312.579
305.536
298.566
291.676
284.881
278.197
271.646
265.262
259.088
253.173
247.577
242.362
237.597
233.357
229.723
226.815
224.627
223.641
222.032
221.989
0
1.1676
0.979434
1.1491
1.27213
1.32453
1.32662
1.29723
1.25198
1.20381
1.16242
1.13457
1.12468
1.13538
1.1681
1.22356
1.30213
1.40407
1.52978
1.67988
1.85531
2.05739
2.2878
2.54863
2.84224
3.17159
3.53988
3.95064
4.40773
4.9151
5.47768
6.0995
6.78522
7.53959
8.36751
9.27403
10.2648
11.3457
12.5234
13.8045
15.196
16.7052
18.3398
20.1083
22.0191
24.0816
26.305
28.6988
31.2724
34.0356
36.9985
40.1718
43.5662
47.1927
51.0618
55.1841
59.5697
64.2281
69.1682
74.3982
79.9253
85.7559
91.8954
98.3478
105.116
112.202
119.606
127.327
135.363
143.71
152.362
161.313
170.554
180.076
189.867
199.915
210.205
220.722
231.451
242.372
253.467
264.717
276.099
287.592
299.172
310.817
322.502
334.204
345.899
357.561
369.166
380.689
392.106
403.39
414.518
425.466
436.213
446.735
457.011
467.02
476.743
486.161
495.255
504.008
512.406
520.433
528.078
535.327
542.167
548.59
554.587
560.149
565.268
569.937
574.147
577.89
581.152
583.924
586.193
587.954
589.197
589.919
590.102
589.767
588.899
587.488
585.527
583.003
579.965
576.407
572.397
567.961
563.09
557.794
552.09
545.997
539.542
532.753
525.66
518.287
510.661
502.81
494.76
486.538
478.171
469.686
461.109
452.462
443.769
435.048
426.315
417.585
408.868
400.174
391.511
382.887
374.306
365.775
357.297
348.88
340.528
332.249
324.054
315.955
307.971
300.123
292.441
284.958
277.72
270.783
264.207
258.055
252.39
247.294
242.833
239.107
236.085
234.209
231.664
230.802
0
1.11995
0.777863
0.85542
0.916539
0.926156
0.899187
0.851906
0.798994
0.752392
0.720646
0.709116
0.720707
0.756642
0.817112
0.901787
1.01022
1.14206
1.29738
1.4767
1.68105
1.91199
2.17165
2.4627
2.78846
3.1526
3.55912
4.0125
4.51763
5.07993
5.70502
6.39914
7.1687
8.02046
8.96185
9.99988
11.1433
12.4006
13.7813
15.2951
16.9518
18.7619
20.7363
22.8858
25.2217
27.7558
30.4998
33.4655
36.6645
40.1089
43.811
47.7834
52.0386
56.5886
61.4448
66.6179
72.1178
77.9532
84.1317
90.6599
97.5431
104.785
112.388
120.354
128.681
137.367
146.41
155.804
165.542
175.616
186.016
196.73
207.746
219.049
230.622
242.45
254.512
266.79
279.261
291.906
304.699
317.619
330.639
343.734
356.879
370.046
383.21
396.34
409.409
422.388
435.252
447.973
460.525
472.878
485.006
496.885
508.49
519.797
530.784
541.43
551.714
561.617
571.118
580.201
588.851
597.056
604.803
612.081
618.878
625.188
631.005
636.322
641.134
645.437
649.223
652.487
655.213
657.403
659.04
660.131
660.669
660.624
660.042
658.89
657.173
654.888
652.026
648.572
644.567
640.003
634.953
629.467
623.527
617.141
610.323
603.098
595.494
587.543
579.274
570.715
561.893
552.834
543.566
534.116
524.513
514.784
504.955
495.053
485.099
475.114
465.114
455.116
445.13
435.17
425.242
415.357
405.52
395.741
386.024
376.385
366.825
357.356
347.987
338.737
329.628
320.681
311.915
303.381
295.128
287.215
279.705
272.663
266.167
260.277
255.048
250.555
246.751
244.051
240.67
239.101
0
1.0826
0.603508
0.602593
0.609193
0.580257
0.527186
0.465729
0.409954
0.370606
0.354654
0.365752
0.405142
0.472525
0.566816
0.686716
0.831161
0.999621
1.19233
1.41009
1.6545
1.92785
2.23325
2.57463
2.95661
3.38458
3.86438
4.4025
5.00614
5.6835
6.44304
7.29396
8.24585
9.30875
10.4932
11.8107
13.2743
14.8969
16.6919
18.6727
20.8533
23.248
25.8711
28.7362
31.8574
35.2484
38.9222
42.8925
47.1726
51.7759
56.7158
62.0053
67.6558
73.678
80.0809
86.8722
94.0579
101.643
109.629
118.018
126.811
136.004
145.595
155.577
165.945
176.689
187.8
199.267
211.076
223.213
235.663
248.407
261.428
274.707
288.221
301.95
315.869
329.956
344.185
358.532
372.971
387.474
402.013
416.561
431.091
445.574
459.979
474.275
488.433
502.426
516.226
529.806
543.139
556.194
568.946
581.369
593.439
605.133
616.429
627.306
637.745
647.727
657.23
666.238
674.737
682.719
690.175
697.092
703.461
709.278
714.542
719.247
723.391
726.972
729.984
732.426
734.278
735.562
736.248
736.356
735.856
734.791
733.119
730.853
727.997
724.554
720.52
715.875
710.649
704.829
698.489
691.715
684.474
676.775
668.63
660.068
651.121
641.823
632.206
622.297
612.124
601.713
591.091
580.288
569.332
558.253
547.077
535.831
524.539
513.221
501.895
490.579
479.285
468.025
456.811
445.651
434.554
423.529
412.585
401.726
390.966
380.319
369.798
359.426
349.228
339.231
329.475
319.993
310.838
302.064
293.736
285.937
278.708
272.121
266.213
261.04
256.541
253.112
248.982
246.843
0
1.04733
0.463477
0.406289
0.373142
0.317427
0.24915
0.183882
0.135084
0.112097
0.120034
0.160713
0.233788
0.33783
0.471033
0.631804
0.819244
1.03344
1.27558
1.54789
1.8535
2.19656
2.58253
3.01822
3.51175
4.07167
4.70723
5.42857
6.2471
7.17552
8.22743
9.41824
10.7629
12.277
13.9778
15.8828
18.0107
20.3799
23.0081
25.9126
29.1108
32.62
36.4569
40.6361
45.1717
50.0769
55.3649
61.0454
67.1311
73.6334
80.5622
87.9248
95.7264
103.97
112.655
121.782
131.348
141.347
151.773
162.618
173.872
185.524
197.562
209.972
222.739
235.847
249.277
263.014
277.037
291.327
305.862
320.621
335.582
350.721
366.015
381.439
396.967
412.575
428.237
443.926
459.616
475.28
490.889
506.414
521.827
537.099
552.204
567.112
581.795
596.226
610.38
624.233
637.757
650.927
663.715
676.098
688.052
699.558
710.596
721.147
731.198
740.727
749.717
758.151
766.023
773.329
780.057
786.195
791.733
796.671
801.008
804.744
807.878
810.404
812.322
813.634
814.307
814.388
813.808
812.668
810.898
808.514
805.517
801.907
797.695
792.893
787.499
781.497
774.891
767.672
759.897
751.697
743.031
733.9
724.319
714.32
703.939
693.212
682.172
670.847
659.261
647.442
635.418
623.217
610.87
598.407
585.858
573.247
560.6
547.937
535.279
522.641
510.041
497.49
485.001
472.583
460.245
447.998
435.854
423.841
411.958
400.22
388.645
377.259
366.092
355.186
344.552
334.243
324.31
314.807
305.794
297.326
289.472
282.295
275.815
270.072
264.988
260.951
256.211
253.712
0
1.00823
0.360438
0.276353
0.225579
0.161336
0.0941537
0.0395262
0.00974265
0.0123664
0.050672
0.125083
0.234681
0.378154
0.554301
0.762606
1.00396
1.28118
1.59882
1.96278
2.37972
2.85782
3.40783
4.043
4.7781
5.62898
6.61236
7.74577
9.04928
10.5459
12.2598
14.2157
16.4364
18.9442
21.7623
24.9148
28.4256
32.3173
36.6091
41.3164
46.4532
52.0335
58.0692
64.5708
71.5454
78.9998
86.9338
95.3445
104.24
113.619
123.477
133.807
144.597
155.837
167.513
179.609
192.111
205
218.258
231.868
245.809
260.064
274.611
289.431
304.502
319.803
335.314
351.015
366.884
382.9
399.04
415.283
431.608
447.991
464.411
480.844
497.267
513.657
529.991
546.245
562.396
578.418
594.286
609.974
625.458
640.712
655.716
670.443
684.867
698.964
712.71
726.084
739.062
751.624
763.746
775.409
786.592
797.285
807.468
817.124
826.238
834.791
842.763
850.133
856.882
863.017
868.536
873.435
877.708
881.353
884.371
886.77
888.554
889.703
890.225
890.142
889.378
888.069
886.114
883.546
880.356
876.549
872.124
867.083
861.44
855.213
848.406
841.015
833
824.378
815.161
805.538
795.457
784.916
773.93
762.532
750.764
738.662
726.26
713.583
700.656
687.504
674.156
660.64
646.989
633.234
619.403
605.524
591.62
577.713
563.821
549.96
536.15
522.407
508.745
495.174
481.704
468.35
455.125
442.072
429.176
416.464
403.957
391.687
379.683
367.964
356.563
345.541
334.945
324.824
315.238
306.246
297.922
290.315
283.421
277.27
271.761
267.293
262.093
259.453
0
0.952701
0.286849
0.208244
0.163602
0.110385
0.0606615
0.0295216
0.0279061
0.061889
0.133868
0.244583
0.394843
0.586054
0.820215
1.10079
1.43435
1.83131
2.30537
2.87184
3.54607
4.34774
5.30181
6.43831
7.79075
9.39218
11.2737
13.4665
16.005
18.9257
22.2646
26.0554
30.3257
35.0998
40.3956
46.2297
52.6166
59.5665
67.0859
75.1774
83.8392
93.066
102.854
113.184
124.039
135.382
147.205
159.512
172.275
185.468
199.065
213.036
227.355
241.994
256.928
272.131
287.579
303.248
319.115
335.158
351.357
367.69
384.14
400.686
417.309
433.993
450.72
467.474
484.239
500.998
517.733
534.429
551.07
567.638
584.116
600.487
616.734
632.84
648.785
664.551
680.118
695.469
710.587
725.448
740.033
754.319
768.293
781.931
795.217
808.128
820.645
832.753
844.439
855.676
866.444
876.724
886.482
895.698
904.37
912.489
920.045
927.024
933.417
939.213
944.427
949.031
953.009
956.37
959.111
961.22
962.693
963.55
963.805
963.399
962.377
960.773
958.496
955.63
952.144
948.059
943.364
938.064
932.157
925.647
918.546
910.879
902.65
893.875
884.471
874.487
863.869
852.855
841.401
829.496
817.152
804.408
791.308
777.891
764.188
750.224
736.019
721.6
706.993
692.23
677.342
662.362
647.319
632.241
617.152
602.073
587.024
572.029
557.109
542.277
527.547
512.932
498.443
484.098
469.917
455.915
442.105
428.52
415.187
402.136
389.4
376.99
364.985
353.415
342.329
331.77
321.786
312.446
303.797
295.901
288.732
282.321
276.531
271.791
266.292
263.706
0
0.870741
0.25103
0.215227
0.19883
0.171036
0.147885
0.144655
0.171975
0.236358
0.342264
0.49538
0.705034
0.982505
1.34062
1.79603
2.37422
3.11277
4.05676
5.25404
6.7507
8.59652
10.8522
13.5827
16.8521
20.7165
25.222
30.4103
36.3145
42.9587
50.3585
58.5185
67.4347
77.1099
87.5284
98.6652
110.491
122.968
136.081
149.784
164.025
178.751
193.849
209.3
225.089
241.201
257.603
274.242
291.075
308.06
325.161
342.344
359.583
376.851
394.128
411.395
428.636
445.836
462.981
480.061
497.066
513.986
530.814
547.541
564.159
580.661
597.043
613.298
629.421
645.402
661.234
676.907
692.411
707.74
722.886
737.84
752.592
767.13
781.439
795.504
809.313
822.859
836.131
849.112
861.788
874.138
886.164
897.84
909.156
920.081
930.587
940.645
950.245
959.384
968.047
976.224
983.924
991.133
997.823
1003.97
1009.56
1014.6
1019.07
1022.96
1026.25
1028.95
1031.04
1032.54
1033.46
1033.78
1033.45
1032.55
1031.1
1029.02
1026.34
1023.07
1019.19
1014.74
1009.68
1004.05
997.836
991.042
983.668
975.716
967.196
958.13
948.529
938.419
927.693
916.426
904.499
892.168
879.424
866.25
852.661
838.691
824.383
809.775
794.896
779.766
764.407
748.841
733.098
717.21
701.209
685.129
669.002
652.853
636.71
620.593
604.523
588.502
572.569
556.743
541.041
525.477
510.067
494.828
479.787
464.947
450.366
436.055
422.047
408.376
395.078
382.17
369.708
357.739
346.305
335.442
325.196
315.638
306.805
298.765
291.459
284.932
278.995
274.134
268.485
266.118
0
0.759369
0.289321
0.332744
0.350579
0.342543
0.334561
0.344891
0.387962
0.478452
0.634607
0.887282
1.28535
1.89095
2.7739
4.01399
5.71623
8.0066
11.021
14.8818
19.6887
25.5359
32.5075
40.6593
50.0223
60.5882
72.3459
85.2899
99.3817
114.541
130.662
147.627
165.317
183.751
202.778
222.276
242.12
262.145
282.176
302.246
322.336
342.402
362.447
382.399
402.189
421.777
441.134
460.237
479.067
497.611
515.859
533.806
551.448
568.788
585.83
602.58
619.046
635.235
651.155
666.815
682.224
697.387
712.314
727.008
741.478
755.727
769.761
783.586
797.2
810.608
823.809
836.802
849.58
862.147
874.504
886.648
898.574
910.274
921.738
932.955
943.924
954.648
965.113
975.301
985.205
994.763
1003.98
1012.83
1021.35
1029.48
1037.25
1044.65
1051.64
1058.2
1064.32
1069.98
1075.16
1079.87
1084.1
1087.83
1091.04
1093.74
1095.94
1097.61
1098.74
1099.34
1099.33
1098.81
1097.77
1096.15
1093.96
1091.22
1087.96
1084.14
1079.76
1074.85
1069.39
1063.41
1056.9
1049.85
1042.25
1034.11
1025.42
1016.18
1006.4
996.098
985.276
973.948
962.055
949.678
936.627
923.113
909.222
894.913
880.197
865.117
849.717
834.034
818.094
801.912
785.509
768.908
752.139
735.236
718.232
701.162
684.057
666.947
649.856
632.807
615.821
598.901
582.103
565.428
548.897
532.53
516.344
500.362
484.615
469.122
453.911
439.021
424.487
410.343
396.621
383.346
370.58
358.365
346.735
335.713
325.334
315.685
306.78
298.711
291.371
284.851
278.875
274.023
268.348
266.326
0
0.659326
0.481365
0.600731
0.602943
0.557014
0.503958
0.480744
0.554104
0.8245
1.42568
2.55062
4.47619
7.50305
11.9083
17.9353
25.8506
35.8394
48.0573
62.5495
79.3311
98.4149
119.721
143.012
167.96
194.163
221.328
249.464
278.254
307.278
336.234
364.791
392.62
419.649
445.947
471.583
496.506
520.771
544.388
567.24
589.293
610.533
630.97
650.63
669.538
687.723
705.221
722.063
738.283
753.912
768.982
783.525
797.571
811.151
824.298
837.045
849.417
861.442
873.144
884.545
895.667
906.525
917.134
927.506
937.659
947.607
957.359
966.924
976.308
985.519
994.561
1003.44
1012.14
1020.69
1029.1
1037.35
1045.44
1053.34
1061.06
1068.56
1075.84
1082.89
1089.71
1096.3
1102.67
1108.81
1114.68
1120.25
1125.57
1130.53
1135.15
1139.42
1143.33
1146.86
1150.01
1152.76
1155.11
1157.06
1158.6
1159.67
1160.26
1160.42
1160.19
1159.49
1158.31
1156.66
1154.53
1151.98
1149
1145.54
1141.59
1137.16
1132.26
1126.87
1120.98
1114.61
1107.73
1100.33
1092.42
1084.03
1075.14
1065.76
1055.87
1045.48
1034.59
1023.2
1011.32
998.944
986.077
972.689
958.711
944.19
929.328
914.082
898.456
882.48
866.197
849.642
832.835
815.792
798.53
781.075
763.458
745.715
727.882
709.992
692.08
674.174
656.3
638.483
620.742
603.094
585.575
568.199
550.99
533.974
517.17
500.608
484.319
468.318
452.645
437.347
422.459
408.015
394.031
380.539
367.605
355.267
343.557
332.496
322.107
312.473
303.589
295.58
288.275
281.855
275.914
271.181
265.576
263.97
0
0.649741
0.987581
1.00153
0.714256
0.454541
0.406632
0.971283
2.78722
6.59851
13.0895
22.9642
36.9062
55.461
79.054
107.94
142.33
181.673
224.986
270.893
318.39
367.402
416.963
465.619
512.674
557.114
598.845
637.692
673.853
707.685
739.35
769.037
797.024
823.126
847.32
869.812
890.542
909.675
927.387
943.772
958.92
972.909
985.849
997.846
1008.98
1019.33
1028.97
1037.94
1046.33
1054.17
1061.53
1068.46
1075
1081.18
1087.06
1092.66
1098.02
1103.18
1108.14
1112.95
1117.63
1122.17
1126.61
1130.95
1135.22
1139.42
1143.56
1147.64
1151.67
1155.65
1159.58
1163.46
1167.25
1170.99
1174.65
1178.24
1181.74
1185.16
1188.49
1191.75
1194.93
1197.99
1200.92
1203.69
1206.36
1208.76
1210.95
1212.86
1214.72
1216.12
1217.32
1218.25
1218.89
1219.24
1219.28
1219.02
1218.43
1217.53
1216.35
1214.84
1212.98
1210.77
1208.23
1205.32
1202.03
1198.36
1194.3
1189.79
1184.89
1179.59
1173.9
1167.82
1161.33
1154.43
1147.13
1139.39
1131.24
1122.67
1113.66
1104.22
1094.33
1084
1073.21
1061.96
1050.25
1038.08
1025.44
1012.32
998.748
984.618
969.966
954.703
939.135
923.192
906.896
890.257
873.315
856.103
838.639
820.935
803.011
784.894
766.621
748.229
729.755
711.234
692.702
674.187
655.716
637.316
619.009
600.817
582.774
564.889
547.197
529.727
512.504
495.56
478.929
462.608
446.645
431.097
416.006
401.399
387.305
373.756
360.8
348.47
336.795
325.79
315.468
305.916
297.109
289.216
281.982
275.731
269.883
265.379
259.908
258.704
0
1.86368
1.88372
0.608895
0.580801
3.80965
12.3311
27.7608
52.4348
88.8949
139.422
205.775
286.174
375.735
470.529
567.077
665.192
758.448
844.394
920.331
987.433
1046.01
1096.5
1140.45
1179.07
1213.37
1243.73
1270.07
1292.59
1311.63
1327.59
1340.85
1351.78
1360.67
1367.62
1373.31
1377.08
1379.69
1381.34
1382.06
1382.04
1381.34
1380.08
1378.33
1376.17
1373.66
1370.87
1367.85
1364.66
1361.34
1357.94
1354.49
1351.02
1347.56
1344.14
1340.79
1337.51
1334.33
1331.25
1328.29
1325.46
1322.73
1320.12
1317.64
1315.28
1313.03
1310.92
1308.92
1307.06
1305.31
1303.68
1302.14
1300.77
1299.51
1298.33
1297.22
1296.13
1295.07
1294.03
1292.97
1291.91
1290.83
1289.7
1288.51
1287.27
1285.92
1284.46
1282.87
1281.22
1279.38
1277.4
1275.24
1272.89
1270.33
1267.57
1264.59
1261.38
1257.95
1254.19
1250.16
1245.87
1241.31
1236.51
1231.44
1226.1
1220.47
1214.55
1208.36
1201.87
1195.06
1187.96
1180.54
1172.8
1164.74
1156.33
1147.58
1138.46
1128.98
1119.12
1108.89
1098.27
1087.26
1075.85
1064.04
1051.82
1039.17
1026.09
1012.55
998.543
984.013
968.977
953.306
937.346
921.014
904.368
887.378
870.081
852.503
834.663
816.573
798.254
779.74
761.067
742.279
723.417
704.513
685.605
666.723
647.895
629.151
610.516
592.016
573.681
555.503
537.537
519.815
502.367
485.225
468.424
451.978
435.928
420.325
405.21
390.604
376.542
363.051
350.178
337.947
326.387
315.509
305.319
295.908
287.221
279.481
272.331
266.302
260.576
256.404
250.98
250.266
0
1.23761
4.45941
22.8208
61.5427
133.32
256.005
425.006
632.704
859.336
1088.11
1311.58
1505.76
1658.72
1778.78
1871.28
1937.16
1985.46
2020.32
2046.51
2064.56
2076.87
2081.68
2080.45
2075.81
2067.49
2056.38
2042.92
2027.48
2010.43
1992.16
1973
1953.3
1933.31
1913.09
1892.92
1872.67
1852.46
1832.51
1812.7
1793.31
1774.26
1755.58
1737.27
1719.37
1701.87
1684.8
1668.19
1652.04
1636.37
1621.19
1606.51
1592.33
1578.64
1565.44
1552.74
1540.52
1528.76
1517.46
1506.59
1496.14
1486.13
1476.57
1467.4
1458.62
1450.19
1442.11
1434.38
1426.97
1419.87
1413.08
1406.56
1400.29
1394.3
1388.55
1382.99
1377.64
1372.46
1367.43
1362.52
1357.72
1353.02
1348.39
1343.8
1339.24
1334.68
1330.09
1325.44
1320.68
1315.81
1310.86
1305.83
1300.68
1295.43
1290.05
1284.55
1278.91
1273.13
1267.23
1261.15
1254.9
1248.47
1241.88
1235.12
1228.17
1221.03
1213.68
1206.11
1198.3
1190.27
1182.01
1173.52
1164.79
1155.83
1146.59
1137.08
1127.28
1117.2
1106.81
1096.12
1085.1
1073.76
1062.08
1050.07
1037.7
1024.95
1011.8
998.232
984.209
969.697
954.585
938.901
922.925
906.57
889.961
872.999
855.713
838.123
820.251
802.107
783.72
765.126
746.368
727.491
708.539
689.545
670.546
651.575
632.66
613.832
595.121
576.551
558.149
539.934
521.943
504.21
486.769
469.654
452.895
436.512
420.543
405.041
390.044
375.573
361.671
348.357
335.677
323.645
312.284
301.601
291.602
282.382
273.848
266.28
259.204
253.434
247.803
243.994
238.825
237.858
0
149.859
448.044
947.16
1577.1
2251.3
2936.38
3414.85
3733.08
3904.41
3969.44
3968.18
3918.36
3840.37
3763.55
3681.63
3597.16
3511.66
3426.5
3343.07
3261.87
3183.33
3106.87
3032.16
2959.69
2889.64
2822.25
2757.55
2695.46
2635.89
2578.72
2523.86
2471.24
2420.86
2372.47
2326.16
2281.57
2238.87
2198.04
2158.45
2120.66
2084.4
2049.56
2016.04
1983.8
1952.81
1923.02
1894.41
1866.94
1840.57
1815.26
1790.98
1767.7
1745.36
1723.94
1703.41
1683.72
1664.83
1646.7
1629.29
1612.58
1596.53
1581.12
1566.32
1552.13
1538.51
1525.43
1512.89
1500.86
1489.3
1478.21
1467.56
1457.32
1447.41
1437.86
1428.63
1419.72
1411.08
1402.69
1394.53
1386.57
1378.78
1371.14
1363.63
1356.21
1348.86
1341.57
1334.31
1327.1
1319.88
1312.66
1305.43
1298.19
1290.91
1283.59
1276.21
1268.78
1261.27
1253.68
1245.98
1238.17
1230.25
1222.25
1214.15
1205.94
1197.62
1189.17
1180.59
1171.85
1162.95
1153.91
1144.71
1135.37
1125.86
1116.15
1106.24
1096.11
1085.78
1075.23
1064.44
1053.4
1042.1
1030.54
1018.71
1006.59
994.143
981.34
968.161
954.551
940.458
925.671
910.376
894.949
878.95
862.815
846.305
829.434
812.23
794.712
776.898
758.817
740.515
722.037
703.431
684.74
666.001
647.248
628.516
609.835
591.234
572.751
554.405
536.221
518.228
500.462
482.951
465.74
448.863
432.352
416.23
400.539
385.323
370.62
356.45
342.86
329.857
317.498
305.766
294.689
284.267
274.509
265.506
257.135
249.736
242.704
237.207
231.671
228.174
223.226
222.211
0
7238.56
9985.99
11230.6
11238
10702
9940.39
8980.44
8244.29
7565.97
7007
6531.13
6110.48
5743.06
5423.46
5142.27
4891.28
4665.3
4460.33
4273.39
4102.43
3945.37
3800.29
3665.62
3540.39
3423.62
3314.56
3212.57
3117.03
3027.36
2943
2863.48
2788.38
2717.41
2650.03
2586.15
2525.19
2467.54
2412.78
2359.43
2309.87
2262.11
2216.38
2172.64
2130.8
2090.79
2052.54
2015.96
1980.97
1947.5
1915.47
1884.8
1855.44
1827.31
1800.36
1774.52
1749.74
1725.94
1703.07
1681.11
1660.02
1639.77
1620.31
1601.64
1583.72
1566.51
1550
1534.14
1518.9
1504.26
1490.18
1476.63
1463.59
1451.03
1438.91
1427.19
1415.86
1404.89
1394.23
1383.87
1373.77
1363.9
1354.23
1344.73
1335.38
1326.15
1317.04
1308
1299.04
1290.14
1281.29
1272.49
1263.73
1254.99
1246.28
1237.56
1228.84
1220.11
1211.36
1202.56
1193.71
1184.81
1175.89
1166.93
1157.93
1148.88
1139.76
1130.56
1121.28
1111.92
1102.46
1092.93
1083.33
1073.62
1063.78
1053.79
1043.68
1033.44
1023.05
1012.5
1001.78
990.88
979.799
968.532
957.043
945.292
933.236
920.856
908.095
894.879
881.116
866.476
852.124
836.982
821.77
806.199
790.22
773.874
757.183
740.17
722.867
705.323
687.589
669.709
651.725
633.674
615.587
597.501
579.447
561.452
543.559
525.789
508.165
490.728
473.511
456.541
439.866
423.52
407.539
391.952
376.799
362.111
347.925
334.261
321.164
308.621
296.703
285.354
274.623
264.494
254.974
246.139
237.851
230.522
223.478
218.163
212.396
209.12
204.355
202.532
7351.18
9361.72
9934.06
9828.73
9447.37
8966.38
8475
7987.03
7547.11
7045.33
6630.79
6244.28
5895.64
5588.65
5313.95
5060.01
4828.48
4617.68
4425.04
4247.31
4083.44
3931.68
3790.7
3659.43
3536.97
3422.4
3315
3214.11
3119.2
3029.73
2945.28
2865.4
2789.75
2718.1
2649.38
2584.69
2521.88
2463.72
2407.78
2353.67
2302.14
2252.89
2205.79
2160.75
2117.65
2076.41
2036.93
1999.11
1962.89
1928.16
1894.86
1862.91
1832.23
1802.78
1774.46
1747.23
1721.01
1695.76
1671.43
1648.01
1625.48
1603.79
1582.92
1562.85
1543.54
1524.98
1507.13
1489.94
1473.4
1457.46
1442.1
1427.27
1412.94
1399.09
1385.67
1372.67
1360.05
1347.79
1335.87
1324.24
1312.88
1301.76
1290.84
1280.11
1269.55
1259.14
1248.88
1238.73
1228.71
1218.8
1208.99
1199.27
1189.64
1180.06
1170.54
1161.05
1151.58
1142.14
1132.72
1123.3
1113.86
1104.44
1095.05
1085.67
1076.29
1066.91
1057.51
1048.08
1038.64
1029.18
1019.69
1010.19
1000.68
991.133
981.511
971.822
962.103
952.348
942.521
932.618
922.639
912.589
902.451
892.228
881.866
871.324
860.545
849.517
838.161
826.42
814.133
800.942
787.954
774.486
761.147
747.157
732.793
717.988
702.796
687.245
671.381
655.252
638.908
622.389
605.731
588.966
572.123
555.237
538.341
521.462
504.64
487.905
471.282
454.813
438.538
422.481
406.69
391.199
376.047
361.27
346.902
332.961
319.486
306.493
294.017
282.027
270.616
259.679
249.302
239.452
230.146
221.421
213.176
205.796
198.666
193.437
187.675
184.225
179.953
177.18
1291.98
1445.65
1575.75
1688.68
1815.72
1953.22
2102.03
2238.13
2379.09
2499.69
2613.96
2707.36
2781.19
2836.16
2876.86
2901.41
2914.55
2918.09
2910.69
2889.3
2863.29
2829.69
2791.36
2750.36
2707.51
2663.38
2618.51
2573.25
2527.97
2482.87
2438.17
2394
2350.45
2307.73
2265.54
2224.47
2183.85
2144.45
2105.9
2068.07
2031.25
1995.44
1960.63
1926.82
1893.99
1862.13
1831.21
1801.21
1772.13
1743.9
1716.57
1690.04
1664.36
1639.42
1615.22
1591.71
1568.85
1546.72
1525.26
1504.47
1484.34
1464.87
1446.02
1427.8
1410.17
1393.11
1376.62
1360.63
1345.16
1330.14
1315.59
1301.44
1287.7
1274.33
1261.32
1248.64
1236.27
1224.2
1212.38
1200.81
1189.43
1178.23
1167.21
1156.35
1145.66
1135.13
1124.73
1114.48
1104.35
1094.35
1084.47
1074.69
1065
1055.37
1045.8
1036.26
1026.75
1017.27
1007.84
998.43
989.053
979.732
970.475
961.263
952.09
942.945
933.805
924.696
915.643
906.624
897.643
888.695
879.807
870.921
862.049
853.208
844.444
835.735
827.037
818.371
809.737
801.143
792.554
783.993
775.372
766.716
757.892
748.913
739.663
730.089
720.073
709.359
698.696
687.179
675.94
664.746
652.834
640.406
627.511
614.217
600.585
586.662
572.49
558.098
543.51
528.752
513.85
498.832
483.734
468.586
453.423
438.279
423.189
408.193
393.332
378.633
364.147
349.901
335.935
322.291
308.993
296.053
283.511
271.364
259.653
248.332
237.509
227.024
217.04
207.502
198.453
189.862
181.733
174.402
167.418
162.137
157.208
153.899
149.439
145.998
147.689
160.919
176.813
197.665
223.772
252.876
284.097
317.137
353.704
392.47
434.546
479.412
527.046
576.963
629.053
682.587
737.096
792.183
847.578
901.633
955.442
1008.67
1060.07
1108.46
1153.61
1195.24
1233.25
1267.48
1297.98
1324.7
1347.8
1367.31
1383.5
1396.45
1406.3
1414.4
1417.88
1419.38
1417.38
1414.7
1410.63
1405.37
1399.04
1391.77
1383.68
1374.86
1365.41
1355.39
1344.93
1334.02
1322.84
1311.31
1299.65
1287.77
1275.78
1263.67
1251.46
1239.35
1227.26
1215.21
1203.22
1191.33
1179.56
1167.93
1156.43
1145.08
1133.88
1122.81
1111.91
1101.13
1090.53
1080.03
1069.7
1059.48
1049.42
1039.51
1029.7
1020.02
1010.43
1000.92
991.46
982.09
972.8
963.607
954.511
945.525
936.623
927.816
919.073
910.406
901.796
893.231
884.706
876.199
867.708
859.214
850.724
842.259
833.821
825.436
817.126
808.875
800.669
792.519
784.429
776.359
768.325
760.388
752.561
744.795
737.136
729.488
721.971
714.48
707.14
699.941
692.874
685.945
679.118
672.447
665.888
659.455
653.084
646.848
640.59
634.586
628.42
622.193
615.729
608.978
601.847
594.202
586.439
578.214
569.56
561.065
552.657
543.361
533.524
523.245
512.607
501.646
490.386
478.842
467.026
454.957
442.657
430.151
417.472
404.652
391.725
378.726
365.696
352.671
339.693
326.791
314.019
301.392
288.95
276.733
264.754
253.025
241.586
230.417
219.57
209.009
198.839
188.875
179.385
170.254
161.582
153.263
145.553
138.401
132.028
127.596
122.59
119.337
115.006
111.871
24.6867
25.9811
27.7494
29.802
32.2366
35.0287
38.1128
41.5701
45.5762
50.2025
55.5203
61.5456
68.3189
75.8899
84.3067
93.608
103.83
115.006
127.178
140.321
154.485
169.694
185.982
203.312
221.654
240.961
261.162
282.217
303.981
326.456
349.365
372.839
396.361
420.357
443.85
467.929
491.859
515.942
539.144
561.489
582.864
603.211
622.443
640.53
657.428
673.117
687.605
700.855
712.959
723.816
733.654
742.219
750.004
756.292
761.52
765.572
768.645
771.882
773.647
774.867
775.543
775.751
775.481
774.775
773.646
772.115
770.227
767.953
765.402
762.476
759.346
755.869
752.222
748.3
744.192
739.939
735.508
730.966
726.233
721.374
716.321
711.195
705.953
700.648
695.261
689.822
684.304
678.748
673.064
667.334
661.524
655.639
649.711
643.718
637.683
631.569
625.416
619.243
613.039
606.925
600.892
594.861
588.802
582.809
576.869
570.928
565.07
559.339
553.74
548.159
542.826
537.345
532.156
526.927
522.099
517.467
512.875
508.577
504.462
500.592
496.803
493.178
489.649
486.341
483.002
480.274
477.411
474.456
471.208
467.729
463.924
459.806
455.531
450.669
445.804
440.519
435.417
429.703
423.416
416.695
409.599
402.139
394.318
386.133
377.59
368.699
359.479
349.954
340.149
330.095
319.828
309.38
298.793
288.097
277.335
266.534
255.748
244.985
234.289
223.69
213.196
202.838
192.66
182.632
172.835
163.278
154.024
144.94
136.339
128.051
120.251
112.784
106.055
99.9857
95.0439
91.1444
87.0329
83.742
80.5464
77.8222
3.16087
3.32232
3.5449
3.74316
3.9755
4.30268
4.69905
5.13654
5.61688
6.1519
6.73326
7.36717
8.06192
8.83628
9.70797
10.6945
11.8126
13.0779
14.5125
16.1373
17.9743
20.0431
22.3625
24.9498
27.8211
30.9924
34.4751
38.2857
42.4282
46.924
51.7654
56.9839
62.5542
68.5226
74.8438
81.5715
88.6709
96.1844
104.074
112.339
120.948
129.888
139.129
148.653
158.423
168.413
178.586
188.9
199.325
209.803
220.305
230.79
241.164
251.558
262.021
272.308
282.543
292.439
301.941
311.009
319.623
327.803
335.524
342.803
349.622
355.981
361.903
367.325
372.371
376.857
381.057
384.64
388.026
390.759
393.338
395.575
397.2
398.468
399.256
399.686
399.671
399.477
398.947
398.213
397.274
396.188
394.903
393.489
391.814
390.021
388.061
385.954
383.733
381.37
378.896
376.266
373.553
370.729
367.803
364.996
362.211
359.323
356.381
353.515
350.658
347.748
344.982
342.281
339.619
336.972
334.588
332.054
329.814
327.564
325.775
324.199
322.561
321.221
320.112
319.263
318.506
317.959
317.518
317.344
316.893
318.055
317.711
317.696
317.496
317.183
316.639
315.961
315.162
313.777
312.527
310.787
308.847
306.334
303.545
300.42
296.931
293.052
288.76
284.041
278.893
273.321
267.338
260.963
254.215
247.123
239.718
232.025
224.084
215.924
207.583
199.09
190.495
181.807
173.087
164.367
155.654
147.023
138.512
130.095
121.897
113.956
106.236
98.7857
91.7694
85.1239
78.9032
73.1009
68.2887
63.8498
59.7113
56.8411
54.0898
51.6432
49.591
47.6039
0.282894
0.283016
0.288127
0.296942
0.315601
0.354699
0.410477
0.475307
0.547727
0.628441
0.716021
0.808398
0.904854
1.00632
1.11392
1.22861
1.35161
1.48405
1.62846
1.78706
1.96353
2.15972
2.37872
2.62424
2.90204
3.21509
3.56901
3.96837
4.41817
4.92455
5.49247
6.12932
6.83942
7.63162
8.50979
9.4827
10.5567
11.74
13.0381
14.4559
15.9972
17.6657
19.4638
21.3939
23.4576
25.6554
27.9883
30.4543
33.0549
35.7847
38.6453
41.6284
44.7343
47.9492
51.2849
54.7253
58.274
61.9232
65.6509
69.4483
73.2952
77.1873
81.102
85.0355
88.9672
92.8865
96.7859
100.632
104.447
108.162
111.836
115.376
118.845
122.179
125.382
128.498
131.525
134.521
137.312
140.049
142.484
144.92
147.01
149.122
150.943
152.652
154.132
155.651
156.59
157.627
158.308
158.876
159.383
159.724
160.007
160.101
160.193
160.187
160.034
160.321
160.466
160.387
160.078
160.012
159.749
159.507
159.62
159.607
159.979
159.735
160.722
159.766
160.811
160.196
161.498
162.12
161.595
163.083
164.182
165.147
165.482
166.117
167.022
168.343
169.419
172.862
175.51
177.391
178.37
180.037
181.347
182.599
184.203
184.866
185.849
186.047
187.386
186.813
186.532
186.139
185.483
184.485
183.099
181.298
179.069
176.408
173.321
169.821
165.918
161.639
157.007
152.046
146.798
141.289
135.565
129.653
123.614
117.455
111.234
104.971
98.687
92.4689
86.3218
80.2529
74.3957
68.7266
63.2059
58.0255
53.1546
48.4341
44.1921
40.6248
37.1269
34.1161
31.563
29.6328
28.0392
26.6493
25.6351
24.455
0.0692269
0.0675514
0.0594383
0.0480678
0.0353409
0.0240557
0.0163828
0.0127
0.0128232
0.0167805
0.0244461
0.0352724
0.0485724
0.0638579
0.0808055
0.0991308
0.118604
0.139049
0.160441
0.182907
0.206636
0.231769
0.258486
0.287064
0.317872
0.351273
0.387688
0.42758
0.471446
0.519899
0.573511
0.633075
0.699218
0.773
0.855176
0.946929
1.04916
1.16296
1.28989
1.43177
1.59018
1.76655
1.9625
2.17971
2.41995
2.68488
2.97641
3.29602
3.64585
4.02689
4.44144
4.89009
5.37475
5.89657
6.45757
7.05859
7.70072
8.38405
9.10836
9.87373
10.6785
11.5215
12.4
13.3128
14.2571
15.2307
16.2314
17.2548
18.3003
19.3607
20.4371
21.5212
22.6127
23.7072
24.7979
25.8887
26.9644
28.0447
29.0971
30.1526
31.1626
32.1752
33.135
34.0879
34.9975
35.8896
36.74
37.5793
38.3572
39.0915
39.8846
40.6485
41.3761
42.048
42.6976
43.2928
43.8767
44.2943
44.7592
45.4978
46.1113
46.697
47.2665
47.8695
48.355
49.0204
49.6907
50.0874
50.4714
51.0467
51.7429
52.4418
53.2143
54.069
55.0889
56.1754
57.2204
58.3245
59.588
60.9677
62.3466
63.7859
65.2746
66.8742
68.5267
70.3986
72.4632
74.4974
76.4548
78.4551
80.4757
82.392
84.4115
85.6116
88.3705
89.1588
90.3057
91.2468
92.1557
92.9892
93.6748
94.1514
94.3718
94.3048
93.9274
93.2285
92.2007
90.8514
89.1725
87.1881
84.9023
82.3472
79.5272
76.4962
73.257
69.8647
66.3297
62.6782
58.9864
55.2547
51.5283
47.8586
44.2295
40.6793
37.3132
34.0388
30.9554
28.0583
25.3637
22.6789
20.5164
18.6029
16.7721
15.2352
13.8542
12.7481
11.8569
11.1135
10.6574
10.0499
0.131494
0.135913
0.133923
0.126412
0.115117
0.101062
0.0856316
0.0703186
0.0559966
0.0431089
0.0320161
0.0229315
0.0158176
0.0104807
0.00671254
0.00432675
0.00314293
0.0029812
0.00367171
0.00507484
0.00708637
0.00961595
0.0125828
0.0159256
0.0196133
0.0236178
0.0279382
0.0325683
0.0375211
0.0428203
0.0484954
0.05459
0.0611497
0.0682414
0.0759383
0.0843165
0.0934477
0.103419
0.114359
0.126423
0.139758
0.154509
0.170837
0.188933
0.208991
0.231224
0.255858
0.28313
0.313309
0.346617
0.383428
0.423849
0.468419
0.517318
0.570857
0.629445
0.693474
0.76331
0.839289
0.921854
1.01133
1.108
1.21207
1.32374
1.44315
1.57044
1.70569
1.84882
1.99982
2.15847
2.32471
2.49817
2.67865
2.86583
3.05907
3.25855
3.46267
3.67378
3.8883
4.10954
4.33345
4.56271
4.79245
5.02734
5.26236
5.50083
5.7377
5.98116
6.21882
6.46623
6.70687
6.96268
7.22035
7.4754
7.73324
7.98737
8.24408
8.4869
8.73459
9.02666
9.29185
9.60732
9.91124
10.2272
10.5072
10.8806
11.2396
11.5423
11.8315
12.1477
12.5045
12.865
13.2509
13.6468
14.0846
14.5527
15.0352
15.5507
16.0998
16.6912
17.3118
17.9695
18.6628
19.4048
20.1924
21.0483
21.9871
22.9593
23.9369
24.9876
26.0675
27.1738
28.3403
29.13
30.8956
31.6312
32.415
33.1572
33.9169
34.6657
35.3685
35.9954
36.515
36.9087
37.1567
37.2496
37.175
36.9322
36.5145
35.9344
35.1826
34.2835
33.2374
32.0686
30.768
29.3708
27.8808
26.3086
24.7059
23.0393
21.3885
19.7195
18.0946
16.4729
14.9769
13.4982
12.1443
10.8852
9.72023
8.68214
7.76927
6.92763
6.21715
5.60756
5.06426
4.58649
4.1829
3.81833
3.57414
3.2535
0.175365
0.181376
0.183405
0.18058
0.173669
0.163434
0.150812
0.136974
0.122809
0.108843
0.0954863
0.0830982
0.0718872
0.0618955
0.0530878
0.0454093
0.0387936
0.0331513
0.0283764
0.0243574
0.0209981
0.0182179
0.0159404
0.0140907
0.0126019
0.0114163
0.0104853
0.00976604
0.009221
0.00881693
0.00852672
0.00832607
0.00819564
0.00811903
0.00808517
0.00808456
0.00810805
0.00814792
0.0081999
0.00826514
0.00835076
0.00846282
0.00860845
0.00879781
0.00904352
0.00936124
0.00976915
0.0102893
0.0109429
0.011759
0.0127645
0.0139891
0.0154722
0.0172534
0.0193737
0.0218789
0.0248146
0.0282254
0.0321676
0.0367125
0.0419342
0.0479036
0.0546882
0.0623587
0.0709939
0.0806775
0.0914846
0.103487
0.116764
0.131399
0.147476
0.165072
0.184274
0.205162
0.227818
0.25232
0.27864
0.307074
0.337344
0.370108
0.405113
0.442497
0.481998
0.5246
0.569326
0.616819
0.666876
0.720314
0.776887
0.836939
0.900051
0.967094
1.03807
1.11258
1.19108
1.27277
1.35859
1.4477
1.54048
1.63807
1.73864
1.84627
1.95847
2.07496
2.19498
2.32674
2.45674
2.59523
2.7257
2.84863
2.9893
3.11988
3.25272
3.39025
3.53197
3.68265
3.8389
4.0018
4.1736
4.35353
4.54631
4.74952
4.9617
5.1875
5.42195
5.66358
5.92483
6.20566
6.49461
6.8126
7.14353
7.51112
7.82096
8.23023
8.61743
9.13645
9.39162
9.67697
9.97816
10.2818
10.5777
10.8587
11.1136
11.3368
11.5183
11.6534
11.7353
11.7592
11.7215
11.6227
11.4584
11.2321
10.9438
10.5999
10.1982
9.75059
9.25995
8.72733
8.18225
7.60282
7.03841
6.45512
5.9061
5.34752
4.84815
4.35603
3.9121
3.50877
3.15255
2.81939
2.56123
2.28937
2.11003
1.91434
1.77126
1.5833
1.44425
1.25921
1.12343
0.951676
0.184998
0.190137
0.19317
0.192719
0.188937
0.182413
0.173748
0.163603
0.152609
0.141251
0.129927
0.11898
0.108653
0.0990767
0.0902986
0.0823334
0.0751711
0.0687796
0.0631054
0.0580832
0.0536512
0.0497526
0.0463368
0.0433539
0.0407503
0.0384785
0.0364981
0.0347699
0.0332593
0.0319351
0.0307689
0.0297343
0.028808
0.0279689
0.0271995
0.0264873
0.025817
0.0251708
0.0245365
0.0239046
0.0232682
0.0226216
0.0219597
0.0212784
0.0205765
0.0198533
0.0191099
0.0183486
0.0175738
0.0167895
0.0160027
0.0152208
0.0144524
0.0137129
0.0130202
0.0123912
0.0118452
0.0114042
0.0110912
0.0109299
0.0109472
0.0111761
0.0116535
0.0124221
0.0135212
0.0149916
0.0168812
0.0192486
0.0221517
0.0256523
0.0298164
0.0347109
0.0404019
0.0469572
0.0544488
0.0629545
0.0725515
0.083333
0.0953808
0.108807
0.123682
0.140081
0.158056
0.177709
0.199093
0.222266
0.247283
0.274356
0.303534
0.334777
0.368043
0.403419
0.440919
0.480549
0.522411
0.566391
0.612661
0.66091
0.710568
0.761644
0.814416
0.869264
0.925792
0.983597
1.0421
1.10162
1.16161
1.2222
1.28194
1.34006
1.3977
1.45392
1.50784
1.5593
1.60787
1.65515
1.70183
1.74657
1.79157
1.83732
1.88137
1.93071
1.97479
2.01869
2.05718
2.09032
2.13733
2.18217
2.22374
2.2696
2.32183
2.38077
2.44192
2.51851
2.59185
2.65892
2.72196
2.78272
2.84204
2.89983
2.95584
3.00952
3.05853
3.10212
3.13807
3.1643
3.18038
3.18212
3.17195
3.147
3.10723
3.05114
2.98013
2.89375
2.79374
2.68021
2.55806
2.42424
2.28974
2.14523
2.00983
1.86828
1.74274
1.61414
1.50906
1.40447
1.31864
1.24207
1.18098
1.12384
1.0844
1.0503
1.0353
0.997468
0.973254
0.91119
0.860818
0.772975
0.689059
0.619145
0.174703
0.178266
0.180894
0.181228
0.179129
0.174992
0.169207
0.162147
0.154215
0.145782
0.137167
0.128634
0.12039
0.11257
0.105255
0.0984913
0.0922987
0.0866768
0.081606
0.0770554
0.0729856
0.0693637
0.0661558
0.0633264
0.0608403
0.0586639
0.0567631
0.0551093
0.053675
0.0524364
0.0513711
0.050459
0.0496805
0.0490211
0.0484669
0.0480061
0.0476255
0.0473161
0.0470631
0.0468613
0.0467048
0.0465894
0.0465092
0.0464638
0.0464506
0.0464719
0.0465271
0.046622
0.0467586
0.0469442
0.0471837
0.0474804
0.0478488
0.0483031
0.0488589
0.0495346
0.0503476
0.0513191
0.0524699
0.053821
0.0553956
0.0572225
0.0593363
0.0617767
0.0645701
0.0677512
0.0713626
0.0754504
0.0800726
0.0852706
0.0911115
0.097653
0.104941
0.113027
0.121971
0.131848
0.142716
0.154648
0.167711
0.181978
0.197502
0.214334
0.232508
0.252094
0.273133
0.29565
0.319692
0.345347
0.372592
0.401377
0.431688
0.463509
0.496817
0.5316
0.567845
0.605446
0.644361
0.684298
0.724829
0.765877
0.807594
0.849968
0.892759
0.935438
0.977505
1.01888
1.05979
1.10021
1.1392
1.17603
1.21122
1.24432
1.27461
1.30165
1.32526
1.3461
1.36373
1.37815
1.38954
1.39786
1.40345
1.40612
1.40519
1.40125
1.39339
1.38176
1.36794
1.35344
1.33758
1.32084
1.30372
1.28692
1.27066
1.25329
1.2343
1.219
1.2042
1.18881
1.17243
1.15554
1.13851
1.12175
1.10507
1.08855
1.07237
1.05569
1.03922
1.02141
1.00416
0.985804
0.966826
0.946876
0.926621
0.904777
0.88291
0.860866
0.840907
0.821365
0.806064
0.792143
0.784637
0.777054
0.778526
0.780876
0.793405
0.805991
0.827746
0.847354
0.874078
0.892175
0.927356
0.947298
0.982058
1.00193
1.02746
1.03009
1.04648
1.04985
1.05933
1.16679
0.157642
0.159787
0.161664
0.16202
0.16061
0.157722
0.153636
0.148573
0.142781
0.13652
0.130023
0.123491
0.117085
0.110924
0.10509
0.0996349
0.0945918
0.0899737
0.0857796
0.0819943
0.0785987
0.0755693
0.0728832
0.0705167
0.0684447
0.0666409
0.0650822
0.0637458
0.062612
0.0616599
0.0608738
0.0602381
0.0597389
0.0593634
0.0591018
0.0589445
0.0588822
0.0589038
0.059006
0.0591809
0.0594244
0.0597342
0.0601098
0.0605508
0.0610584
0.061634
0.0622819
0.063008
0.0638179
0.0647193
0.0657185
0.0668251
0.0680469
0.0694016
0.0709081
0.0725819
0.0744442
0.0765153
0.0788182
0.0813735
0.0842069
0.0873428
0.0908198
0.0946708
0.0989301
0.10362
0.108779
0.114464
0.120701
0.127547
0.135058
0.143288
0.152269
0.162051
0.17269
0.184244
0.19677
0.210321
0.22495
0.240709
0.257643
0.275787
0.295175
0.315847
0.337834
0.361148
0.385806
0.411846
0.439243
0.46795
0.497938
0.529176
0.561622
0.595232
0.629951
0.665647
0.702212
0.739382
0.776905
0.814619
0.852574
0.890596
0.928517
0.965825
1.00221
1.03745
1.07169
1.10468
1.13604
1.16515
1.19218
1.21683
1.23876
1.25738
1.27271
1.28474
1.2935
1.29856
1.30016
1.29819
1.29282
1.28407
1.2717
1.25583
1.23629
1.21326
1.18756
1.16013
1.13093
1.10022
1.06822
1.03561
1.00257
0.968188
0.933057
0.899339
0.867266
0.835656
0.804057
0.773072
0.74292
0.714217
0.686981
0.661592
0.638367
0.617156
0.597852
0.581291
0.567093
0.554992
0.54531
0.538711
0.536335
0.535236
0.537573
0.543431
0.553247
0.566648
0.584793
0.605401
0.631689
0.659264
0.694036
0.728437
0.770675
0.810093
0.859057
0.900996
0.952483
0.990988
1.05107
1.10365
1.17828
1.2467
1.34917
1.45823
1.62371
1.83388
2.09412
2.60925
0.139154
0.140107
0.141181
0.141246
0.14003
0.13776
0.134651
0.130837
0.126466
0.121713
0.116746
0.111711
0.106729
0.101896
0.0972802
0.0929322
0.088884
0.0851546
0.0817501
0.0786674
0.0758961
0.0734219
0.0712294
0.0693011
0.0676194
0.0661663
0.0649244
0.0638771
0.0630073
0.0623005
0.0617426
0.0613205
0.0610263
0.0608484
0.0607786
0.060807
0.06093
0.0611422
0.061436
0.0618054
0.0622503
0.0627694
0.0633651
0.0640369
0.0647878
0.0656196
0.0665398
0.0675532
0.0686684
0.0698954
0.0712388
0.0727098
0.0743242
0.0760924
0.0780293
0.0801557
0.0824933
0.0850646
0.0878911
0.0909963
0.0944026
0.098139
0.102247
0.10675
0.111675
0.117058
0.122943
0.129366
0.136352
0.143966
0.15226
0.161267
0.17103
0.181586
0.192998
0.205322
0.218599
0.232866
0.24818
0.26458
0.282104
0.300781
0.320641
0.341717
0.36402
0.387552
0.412339
0.43839
0.465667
0.494133
0.523758
0.554492
0.586287
0.619078
0.65279
0.687292
0.72245
0.75806
0.793921
0.82988
0.865866
0.901735
0.937222
0.971992
1.00575
1.03835
1.06966
1.09953
1.12757
1.15347
1.17707
1.19819
1.21645
1.23165
1.24358
1.25233
1.2577
1.25964
1.25796
1.25279
1.24406
1.23183
1.21612
1.19704
1.17468
1.14926
1.12115
1.09111
1.05933
1.02611
0.991633
0.956336
0.920448
0.883646
0.846865
0.811094
0.776708
0.743085
0.710324
0.67858
0.648614
0.620513
0.594301
0.571064
0.55023
0.532208
0.517463
0.505611
0.498436
0.492718
0.489908
0.491349
0.496576
0.505823
0.518732
0.53559
0.55635
0.580825
0.609929
0.641805
0.679201
0.717701
0.763881
0.809013
0.862952
0.912987
0.978303
1.03539
1.11354
1.1914
1.30482
1.42609
1.60466
1.81443
2.12158
2.50624
3.05071
3.76703
4.64335
6.01908
0.119384
0.119394
0.119723
0.11941
0.118208
0.116292
0.113828
0.110895
0.107576
0.103979
0.100215
0.0963863
0.0925771
0.088856
0.085278
0.081884
0.0787027
0.0757531
0.0730444
0.0705793
0.0683537
0.0663607
0.0645898
0.0630306
0.0616704
0.0604976
0.0594991
0.0586633
0.0579776
0.0574299
0.0570082
0.0567057
0.0565125
0.0564211
0.0564232
0.056516
0.0566945
0.0569541
0.0572892
0.0576978
0.0581781
0.0587327
0.0593616
0.0600679
0.0608531
0.061723
0.0626828
0.0637395
0.064904
0.066181
0.0675848
0.0691281
0.0708181
0.0726686
0.0746947
0.0769181
0.0793603
0.0820446
0.0849914
0.0882261
0.0917705
0.0956629
0.0999231
0.104585
0.10968
0.115241
0.121319
0.127923
0.135111
0.14293
0.151425
0.160631
0.170577
0.181315
0.192909
0.205392
0.218805
0.233201
0.248613
0.265085
0.282647
0.301327
0.321154
0.342144
0.364309
0.387663
0.41221
0.437942
0.464839
0.492858
0.521962
0.552108
0.58323
0.615268
0.648116
0.681674
0.71578
0.750298
0.785014
0.819834
0.854595
0.889149
0.923238
0.956599
0.988988
1.02019
1.05006
1.07837
1.10489
1.12929
1.1514
1.17097
1.18783
1.20169
1.2125
1.22009
1.22451
1.22554
1.22321
1.21746
1.20817
1.19548
1.17933
1.15996
1.13746
1.11213
1.08426
1.05448
1.02303
0.990194
0.956221
0.921392
0.886151
0.850324
0.814873
0.780053
0.746627
0.714101
0.682981
0.652856
0.625211
0.599223
0.576113
0.555363
0.539213
0.523355
0.510611
0.501771
0.497074
0.496119
0.499007
0.505775
0.516688
0.53194
0.55132
0.5746
0.60277
0.635611
0.672891
0.714343
0.762223
0.812397
0.873987
0.932327
1.01034
1.09378
1.20571
1.32459
1.49444
1.68392
1.9588
2.28901
2.7614
3.35571
4.18677
5.24952
6.68253
8.52497
10.7267
13.9136
0.100324
0.0997004
0.0994712
0.0988455
0.0976169
0.0959212
0.093887
0.0915615
0.0889877
0.0862289
0.0833573
0.0804366
0.0775239
0.0746657
0.0719023
0.0692631
0.0667721
0.0644441
0.0622898
0.0603127
0.0585136
0.0568887
0.0554334
0.0541401
0.0530018
0.0520096
0.0511553
0.0504298
0.0498246
0.0493303
0.0489391
0.0486434
0.048437
0.048314
0.0482696
0.0483
0.0484024
0.0485741
0.0488117
0.0491135
0.0494796
0.0499118
0.0504119
0.0509826
0.0516275
0.0523523
0.0531625
0.0540671
0.0550721
0.0561916
0.0574355
0.0588141
0.0603406
0.0620256
0.0638865
0.0659431
0.0682186
0.0707328
0.0735101
0.0765728
0.0799515
0.083668
0.0877567
0.092244
0.0971591
0.102549
0.108438
0.114868
0.121884
0.129531
0.137846
0.146862
0.156611
0.167156
0.178537
0.190801
0.203988
0.218134
0.233287
0.249481
0.266745
0.285107
0.304592
0.325216
0.346994
0.369928
0.394028
0.419287
0.445669
0.473145
0.501679
0.531222
0.561708
0.593062
0.625194
0.657988
0.691313
0.72502
0.758963
0.792985
0.826947
0.860667
0.89392
0.926459
0.958083
0.988571
1.01773
1.04534
1.07119
1.09499
1.11658
1.13571
1.15223
1.16591
1.17666
1.18431
1.18892
1.19026
1.18843
1.18322
1.17461
1.1626
1.14726
1.12884
1.10743
1.08332
1.05681
1.02834
0.99811
0.966548
0.933775
0.900248
0.866384
0.832178
0.798433
0.765191
0.733296
0.70249
0.673504
0.645025
0.621225
0.596525
0.574679
0.555958
0.540766
0.528812
0.520519
0.516002
0.515913
0.520065
0.528411
0.541439
0.559558
0.583254
0.611238
0.645708
0.687032
0.734073
0.786133
0.848086
0.922521
1.01107
1.11965
1.24842
1.4081
1.60249
1.85123
2.16538
2.57222
3.10237
3.78865
4.69891
5.86401
7.40832
9.35326
11.8982
14.9953
19.0339
23.3749
29.7387
0.0832302
0.0822712
0.0816933
0.0808732
0.0796508
0.0781317
0.0764115
0.074521
0.0724792
0.0703243
0.0680984
0.0658429
0.0635919
0.0613771
0.0592239
0.0571545
0.0551849
0.0533277
0.0515906
0.0499785
0.0484927
0.0471326
0.0458955
0.0447776
0.0437739
0.0428791
0.0420872
0.0413919
0.0407872
0.0402666
0.0398244
0.039455
0.0391541
0.0389171
0.0387412
0.0386228
0.0385605
0.038552
0.0385966
0.0386932
0.0388433
0.0390482
0.0393111
0.0396347
0.0400242
0.0404846
0.0410232
0.0416471
0.0423659
0.0431892
0.044129
0.0451983
0.0464079
0.0477716
0.0493065
0.0510324
0.0529701
0.0551408
0.0575682
0.0602763
0.0632925
0.0666448
0.0703606
0.074468
0.0790027
0.0840022
0.0894985
0.0955393
0.10216
0.109406
0.117314
0.125908
0.135242
0.145362
0.156319
0.168147
0.180886
0.194582
0.209276
0.225001
0.241787
0.259664
0.278654
0.298778
0.320044
0.342467
0.366048
0.39077
0.416614
0.44355
0.471542
0.500537
0.530478
0.561285
0.592871
0.625119
0.657911
0.691105
0.72455
0.758111
0.79162
0.824896
0.857689
0.889868
0.921145
0.95139
0.980299
1.00779
1.03347
1.05729
1.07877
1.09802
1.1145
1.12844
1.13926
1.14735
1.15214
1.15403
1.15258
1.14799
1.13993
1.12857
1.11398
1.0964
1.07595
1.05289
1.02755
1.00032
0.971365
0.94118
0.909832
0.877954
0.845923
0.813725
0.782105
0.751401
0.72173
0.694655
0.666843
0.641215
0.618226
0.598144
0.581153
0.567827
0.558594
0.553118
0.552356
0.556534
0.56608
0.581182
0.602068
0.629586
0.665603
0.707548
0.758427
0.822688
0.901849
0.996715
1.11019
1.24718
1.41323
1.61808
1.86951
2.18816
2.58072
3.09132
3.71973
4.55328
5.57064
6.93055
8.5658
10.7373
13.3002
16.64
20.5
25.424
30.9176
37.9595
44.758
54.8776
0.0688015
0.0677278
0.0669583
0.066036
0.0648543
0.0634882
0.0620077
0.0604306
0.0587667
0.0570367
0.0552668
0.0534813
0.0517013
0.049946
0.0482318
0.0465732
0.0449809
0.0434638
0.0420275
0.0406762
0.0394112
0.0382331
0.0371402
0.0361307
0.0352011
0.0343482
0.0335677
0.0328555
0.032207
0.0316182
0.0310847
0.0306029
0.0301693
0.029781
0.0294355
0.0291311
0.0288663
0.0286404
0.0284532
0.0283053
0.0281981
0.0281338
0.0281156
0.0281474
0.0282341
0.0283816
0.028597
0.0288879
0.0292639
0.0297347
0.0303124
0.0310088
0.0318375
0.0328135
0.0339534
0.0352767
0.036803
0.038555
0.0405549
0.042829
0.0454024
0.0483048
0.0515636
0.0552106
0.0592796
0.0638044
0.0688282
0.0743847
0.0805207
0.0872755
0.0946794
0.102776
0.111613
0.121237
0.131689
0.143012
0.155248
0.168439
0.182626
0.197843
0.214124
0.231498
0.24999
0.269619
0.290401
0.312343
0.335447
0.359705
0.385095
0.411594
0.439159
0.467744
0.497283
0.527701
0.558901
0.590782
0.623215
0.65607
0.689204
0.72246
0.755667
0.788621
0.821154
0.853018
0.884067
0.914035
0.942786
0.970021
0.995589
1.01915
1.0406
1.05958
1.07608
1.08981
1.10074
1.10868
1.11361
1.1155
1.11425
1.10985
1.10209
1.09111
1.07703
1.06014
1.04053
1.01843
0.994395
0.968558
0.941237
0.912824
0.88382
0.854325
0.826289
0.797331
0.769
0.741956
0.716833
0.693974
0.673557
0.656045
0.642302
0.632599
0.627606
0.627753
0.633944
0.645777
0.665616
0.693991
0.7306
0.777588
0.834101
0.907871
0.999378
1.10977
1.24315
1.40348
1.59813
1.8339
2.12109
2.47238
2.90289
3.43554
4.09048
4.90995
5.91394
7.18208
8.71808
10.6636
12.9699
15.8726
19.212
23.3564
27.9696
33.6124
39.6879
47.0875
54.7747
64.4073
73.1081
85.9025
0.0572697
0.0562221
0.0553747
0.0544208
0.0533041
0.0520751
0.0507805
0.0494307
0.0480315
0.046595
0.0451371
0.0436721
0.0422131
0.0407711
0.0393567
0.0379785
0.0366436
0.0353576
0.0341246
0.032947
0.0318263
0.0307626
0.0297554
0.0288031
0.0279038
0.027055
0.0262539
0.0254976
0.0247829
0.024107
0.0234667
0.0228597
0.0222833
0.0217358
0.0212154
0.0207211
0.0202521
0.0198085
0.0193906
0.0189998
0.0186378
0.0183074
0.018012
0.017756
0.0175446
0.0173839
0.017281
0.0172442
0.0172828
0.0174071
0.0176289
0.017961
0.0184174
0.0190138
0.0197674
0.0206971
0.0218231
0.0231677
0.0247546
0.0266092
0.0287583
0.031231
0.0340576
0.0372698
0.040902
0.0449901
0.0495715
0.0546883
0.0603805
0.066688
0.0736515
0.0813144
0.0897214
0.0989179
0.108948
0.119856
0.131684
0.144474
0.158266
0.173097
0.189001
0.206007
0.224142
0.243422
0.263865
0.285475
0.30826
0.3322
0.357286
0.38348
0.410754
0.43904
0.46829
0.498403
0.529312
0.560877
0.593013
0.625546
0.658375
0.691281
0.724149
0.756709
0.788839
0.820255
0.850861
0.88033
0.908603
0.935286
0.960379
0.983375
1.0043
1.02272
1.03871
1.05186
1.06237
1.06982
1.07451
1.0762
1.0751
1.07093
1.06376
1.05365
1.04079
1.02565
1.0082
0.989001
0.968705
0.947153
0.924911
0.902396
0.88001
0.858432
0.838155
0.819868
0.8041
0.791636
0.783165
0.779453
0.780983
0.788622
0.804212
0.827982
0.862343
0.906801
0.963624
1.03074
1.12067
1.22967
1.36158
1.51831
1.70538
1.92689
2.1915
2.50529
2.87979
3.32576
3.85897
4.49779
5.26243
6.18329
7.28646
8.61747
10.209
12.1257
14.3944
17.1103
20.2598
23.9871
28.1813
33.0711
38.3825
44.4977
50.9256
58.3035
65.8332
74.651
83.4497
94.3428
104.01
117.767
0.0493886
0.0484027
0.0475171
0.0465537
0.0454927
0.0443633
0.0431933
0.0419895
0.0407564
0.0395019
0.0382358
0.0369671
0.0357037
0.0344524
0.0332199
0.0320112
0.030831
0.0296826
0.0285686
0.0274904
0.0264489
0.0254439
0.0244751
0.0235411
0.0226406
0.0217715
0.0209319
0.0201195
0.0193322
0.0185676
0.0178238
0.0170988
0.0163911
0.0156992
0.0150223
0.0143598
0.0137117
0.0130784
0.0124608
0.011861
0.0112809
0.0107239
0.0101937
0.00969526
0.00923396
0.00881658
0.00845052
0.00814456
0.00790835
0.007753
0.00769058
0.00773472
0.00790031
0.00820377
0.008663
0.00929742
0.0101284
0.0111789
0.0124734
0.0140381
0.0159015
0.0180934
0.0206458
0.0235917
0.0269667
0.0308074
0.0351527
0.0400421
0.045519
0.0516243
0.0584021
0.0658942
0.0741479
0.0832062
0.0931166
0.103921
0.115663
0.128384
0.142122
0.156913
0.17279
0.18978
0.207907
0.227188
0.247633
0.269248
0.292028
0.315964
0.341026
0.367188
0.394401
0.422608
0.451734
0.481696
0.512396
0.543725
0.575554
0.607767
0.640191
0.672673
0.705043
0.737098
0.768653
0.799517
0.829503
0.858428
0.886099
0.912362
0.936959
0.959785
0.980539
0.999176
1.01553
1.02964
1.0414
1.05062
1.05775
1.06263
1.06525
1.0658
1.0642
1.06095
1.0563
1.05087
1.0449
1.03918
1.03412
1.03065
1.02921
1.03103
1.03657
1.04719
1.06353
1.08748
1.11945
1.16233
1.21558
1.28237
1.36099
1.45969
1.57861
1.72001
1.88756
2.08387
2.31356
2.5798
2.88989
3.249
3.66612
4.1486
4.7082
5.35614
6.10855
6.98243
7.99761
9.17989
10.5517
12.1507
13.9969
16.1442
18.605
21.442
24.6605
28.3138
32.3932
36.9424
41.9092
47.3627
53.1564
59.4486
65.9507
72.9961
80.1059
87.875
95.5925
104.366
113.072
123.802
133.586
147.178
0.0462933
0.0453595
0.0444493
0.0434664
0.042425
0.0413423
0.0402315
0.0390955
0.0379387
0.0367671
0.035588
0.0344071
0.0332302
0.0320621
0.0309075
0.0297698
0.0286523
0.0275572
0.0264864
0.0254406
0.0244202
0.0234249
0.0224544
0.0215074
0.0205825
0.0196782
0.018793
0.0179247
0.0170717
0.0162322
0.0154049
0.0145879
0.0137804
0.0129813
0.0121907
0.011408
0.010634
0.00986962
0.0091169
0.00837771
0.00765531
0.00695337
0.00627687
0.00563098
0.0050224
0.00445853
0.00394825
0.00350102
0.00312795
0.0028412
0.00265457
0.00258285
0.00264258
0.00285168
0.00322974
0.00379792
0.00457924
0.00559823
0.00688114
0.00845631
0.0103538
0.0126055
0.015245
0.018308
0.0218309
0.0258516
0.0304094
0.0355462
0.0413046
0.0477277
0.0548578
0.0627398
0.071418
0.0809373
0.0913391
0.10267
0.114969
0.128275
0.142623
0.158048
0.174575
0.192234
0.211037
0.231007
0.252138
0.274447
0.29791
0.322524
0.348248
0.375076
0.402926
0.431777
0.461515
0.492125
0.523457
0.555469
0.588009
0.620998
0.654325
0.687802
0.721324
0.754621
0.787747
0.820476
0.852653
0.884254
0.915101
0.945198
0.974435
1.00275
1.03011
1.0565
1.08206
1.10689
1.13124
1.15531
1.17942
1.20404
1.22951
1.25638
1.2851
1.3167
1.3518
1.39171
1.43714
1.48983
1.55048
1.62154
1.70352
1.79975
1.91057
2.03832
2.18616
2.35746
2.55432
2.78069
3.03884
3.33379
3.66788
4.0473
4.47707
4.96347
5.51329
6.13399
6.83462
7.62387
8.51454
9.51859
10.6513
11.929
13.3685
14.992
16.816
18.8698
21.1649
23.7352
26.5831
29.7457
33.2034
37.0065
41.1011
45.5485
50.2739
55.3194
60.6243
66.1997
71.9934
78.0167
84.1758
90.5555
96.9665
103.654
110.251
117.245
124.128
131.841
139.689
149.308
159.171
172.26
0.0467086
0.0457781
0.0448424
0.0438439
0.0428095
0.0417478
0.0406619
0.0395533
0.0384252
0.0372832
0.0361324
0.034978
0.0338244
0.0326761
0.0315362
0.0304082
0.029294
0.0281957
0.027114
0.0260499
0.0250029
0.0239729
0.022959
0.0219604
0.0209755
0.0200033
0.0190422
0.0180909
0.017148
0.0162124
0.0152833
0.01436
0.0134423
0.0125303
0.0116248
0.0107269
0.00983882
0.00896289
0.00810291
0.00726268
0.00644747
0.00566283
0.00491615
0.00421505
0.00356894
0.0029878
0.00248354
0.00206877
0.00175791
0.0015664
0.00151158
0.00161203
0.00188794
0.002361
0.00305465
0.00399411
0.00520624
0.00671959
0.00856424
0.0107727
0.0133785
0.016418
0.0199301
0.0239541
0.0285293
0.0336975
0.039501
0.045986
0.0531968
0.061182
0.0699849
0.0796584
0.0902439
0.101792
0.114349
0.127963
0.142679
0.158539
0.175583
0.193847
0.213371
0.234184
0.256318
0.279792
0.304633
0.330852
0.358467
0.387478
0.417897
0.449712
0.482926
0.517509
0.553457
0.590747
0.629366
0.669274
0.710484
0.752972
0.796767
0.841844
0.888226
0.93594
0.985032
1.03562
1.08781
1.14182
1.19783
1.25611
1.31707
1.38094
1.44833
1.51952
1.59545
1.67662
1.76412
1.85883
1.96181
2.07461
2.19809
2.33446
2.48462
2.65203
2.83674
3.04284
3.27189
3.52752
3.81166
4.1288
4.48091
4.87368
5.3091
5.79306
6.32803
6.92175
7.57663
8.30217
9.10033
9.98265
10.9508
12.019
13.1899
14.4795
15.8917
17.4438
19.1425
21.0032
23.037
25.2564
27.6732
30.299
33.1388
36.2063
39.4914
43.0138
46.7417
50.6998
54.8425
59.1972
63.6996
68.3985
73.1972
78.1787
83.2209
88.4083
93.659
99.0092
104.415
109.876
115.349
120.871
126.342
131.919
137.349
143.03
148.626
154.955
161.629
169.754
179.522
191.456
0.0494519
0.0485186
0.0475565
0.046533
0.0454778
0.0443903
0.043268
0.0421117
0.0409257
0.0397152
0.0384848
0.0372393
0.0359832
0.0347214
0.0334574
0.0321944
0.0309348
0.029681
0.0284342
0.0271954
0.0259649
0.0247434
0.0235308
0.0223275
0.0211332
0.0199488
0.0187743
0.0176111
0.0164597
0.0153225
0.0142016
0.0131002
0.0120213
0.0109699
0.00995073
0.00897038
0.00803579
0.00715592
0.00633993
0.00559845
0.0049426
0.00438561
0.00394148
0.00362592
0.00345562
0.00344933
0.00362685
0.00401008
0.00462174
0.00548671
0.00663204
0.00808608
0.00987861
0.0120411
0.0146077
0.0176142
0.0210986
0.0250992
0.0296596
0.034821
0.04063
0.0471367
0.0543938
0.0624578
0.0713804
0.0812181
0.0920285
0.103876
0.116823
0.130936
0.146286
0.162941
0.180977
0.200464
0.221482
0.244113
0.268443
0.29455
0.322526
0.352462
0.384454
0.418599
0.455002
0.493764
0.535004
0.57884
0.625407
0.674841
0.727287
0.78292
0.841903
0.904425
0.970706
1.04099
1.11553
1.19463
1.27858
1.36784
1.46279
1.56393
1.67172
1.78682
1.90984
2.04167
2.18298
2.33508
2.49853
2.67532
2.86577
3.07264
3.29649
3.53928
3.80318
4.09002
4.40243
4.74275
5.11364
5.51822
5.95918
6.44032
6.9645
7.53659
8.15922
8.83792
9.57539
10.3779
11.2482
12.1933
13.2162
14.3247
15.5219
16.816
18.2096
19.7129
21.3271
23.0655
24.9253
26.9237
29.0527
31.3351
33.7565
36.3424
39.073
41.9726
45.0227
48.2357
51.6007
55.1147
58.7713
62.5622
66.4716
70.4942
74.5969
78.7914
83.019
87.3249
91.64
96.0166
100.38
104.798
109.167
113.591
117.936
122.334
126.693
131.082
135.423
139.763
144.031
148.3
152.5
156.728
160.782
164.98
168.915
173.543
178.44
184.875
193.893
206.63
0.0527434
0.0515772
0.0504176
0.0492189
0.0479749
0.0466605
0.0452691
0.0438075
0.0422858
0.0407125
0.0390963
0.0374463
0.0357716
0.0340802
0.0323796
0.0306773
0.0289802
0.0272958
0.0256308
0.0239925
0.0223881
0.0208255
0.0193128
0.0178591
0.0164738
0.0151676
0.0139511
0.0128371
0.011838
0.0109691
0.0102453
0.00968385
0.00930214
0.00911958
0.009157
0.00943773
0.00998613
0.0108287
0.0119922
0.0135058
0.0153996
0.0177069
0.0204621
0.0237022
0.0274661
0.0317947
0.0367332
0.0423261
0.0486211
0.0556696
0.0635272
0.0722526
0.0819032
0.0925418
0.104237
0.117061
0.131085
0.146391
0.163061
0.181183
0.200847
0.222159
0.245231
0.270178
0.297116
0.326169
0.357475
0.391175
0.427419
0.466369
0.508202
0.5531
0.60127
0.652908
0.708238
0.767523
0.830995
0.898938
0.971645
1.04945
1.13268
1.22173
1.31698
1.41889
1.52789
1.64453
1.76931
1.9029
2.04586
2.199
2.36294
2.53867
2.72692
2.92889
3.14538
3.37781
3.62711
3.895
4.18264
4.49189
4.82408
5.18148
5.5656
5.97909
6.42364
6.90241
7.4172
7.97169
8.56798
9.20992
9.90008
10.6426
11.4405
12.2979
13.218
14.2058
15.2638
16.3983
17.611
18.9092
20.2938
21.773
23.347
25.0235
26.8029
28.6917
30.6909
32.8047
35.035
37.3839
39.8534
42.4434
45.1544
47.9855
50.9338
54.001
57.1737
60.4601
63.8336
67.3141
70.8614
74.5014
78.1837
81.9412
85.7247
89.5537
93.3985
97.2547
101.117
104.974
108.802
112.603
116.341
120.037
123.65
127.258
130.777
134.288
137.718
141.135
144.437
147.721
150.88
154.057
157.185
160.369
163.443
166.563
169.521
172.457
175.157
177.812
180.23
182.752
184.98
188.026
191.344
196.044
204.097
217.374
0.0534787
0.0512572
0.0490656
0.0468642
0.044604
0.0422471
0.0398093
0.0373233
0.0348186
0.0323254
0.0298802
0.0275218
0.0252873
0.0232112
0.0213269
0.0196667
0.0182633
0.0171493
0.0163579
0.0159224
0.015878
0.0162611
0.0171107
0.0184665
0.0203708
0.0228671
0.0260023
0.0298241
0.0343838
0.0397345
0.045932
0.0530347
0.0611008
0.070195
0.0803856
0.0917455
0.104351
0.118278
0.133606
0.150418
0.168804
0.188855
0.210672
0.234357
0.26002
0.287778
0.317753
0.350072
0.384867
0.42228
0.462469
0.505599
0.551831
0.601346
0.654338
0.711012
0.771581
0.83628
0.905344
0.979046
1.05766
1.14147
1.23082
1.32603
1.42746
1.53551
1.65058
1.7731
1.90354
2.04239
2.19017
2.34748
2.51487
2.69305
2.88264
3.08446
3.29917
3.52771
3.77085
4.02965
4.305
4.59818
4.91018
5.24232
5.59576
5.97209
6.37251
6.79896
7.25263
7.73585
8.24981
8.7973
9.37955
9.99979
10.6592
11.3614
12.1077
12.9023
13.7466
14.645
15.5988
16.6132
17.6894
18.8329
20.0451
21.3317
22.6941
24.1382
25.6655
27.282
28.9874
30.7898
32.6885
34.6897
36.7913
39.0013
41.3141
43.7391
46.2681
48.9103
51.6561
54.5121
57.469
60.5288
63.6835
66.9302
70.2628
73.6721
77.1556
80.6979
84.3001
87.9425
91.6272
95.3314
99.0561
102.786
106.504
110.214
113.883
117.534
121.125
124.682
128.157
131.603
134.954
138.259
141.474
144.616
147.693
150.673
153.534
156.307
158.949
161.482
163.95
166.39
168.709
171.001
173.226
175.398
177.462
179.468
181.397
183.298
185.203
187.081
188.766
190.543
192.044
193.555
194.957
196.243
197.149
198.173
198.775
200.062
201.357
204.721
210.501
224.281
0.0334407
0.0301199
0.0275414
0.0254191
0.0236315
0.0223042
0.0216385
0.0217791
0.0228355
0.0249234
0.0281659
0.03268
0.0385775
0.0459685
0.0549653
0.0656803
0.0782287
0.0927279
0.109297
0.128061
0.149147
0.17269
0.198832
0.227713
0.259483
0.294293
0.332304
0.373678
0.418585
0.467203
0.519714
0.576302
0.63716
0.702491
0.772515
0.847452
0.927533
1.013
1.10409
1.20106
1.3042
1.41377
1.53008
1.65343
1.78417
1.92263
2.06917
2.22419
2.38806
2.5612
2.74409
2.93717
3.14091
3.35583
3.58247
3.82141
4.07322
4.33855
4.61805
4.91243
5.22239
5.54877
5.89228
6.25377
6.63417
7.03446
7.45556
7.89858
8.3645
8.85456
9.36983
9.9117
10.4813
11.0803
11.7098
12.3718
13.0673
13.7984
14.5666
15.3738
16.2219
17.113
18.0488
19.032
20.0643
21.1486
22.2865
23.4816
24.735
26.0511
27.4305
28.8784
30.3949
31.9858
33.6506
35.3956
37.2197
39.1298
41.1246
43.2103
45.3848
47.6549
50.0177
52.4793
55.0366
57.6943
60.4493
63.3047
66.2572
69.3084
72.4494
75.6883
79.0107
82.4217
85.9035
89.4653
93.0831
96.7673
100.493
104.268
108.071
111.901
115.744
119.59
123.432
127.255
131.057
134.816
138.54
142.198
145.81
149.343
152.816
156.186
159.482
162.674
165.758
168.744
171.617
174.395
177.055
179.601
182.041
184.41
186.625
188.781
190.799
192.752
194.63
196.305
197.865
199.343
200.697
201.925
203.204
204.385
205.465
206.567
207.635
208.575
209.354
210.009
210.687
211.214
212.048
212.81
213.202
213.853
213.924
214.066
213.935
213.573
213.005
212.336
211.211
210.673
210.091
211.911
215.256
230.868
0.0688307
0.0908621
0.117422
0.147618
0.182485
0.223174
0.27001
0.32301
0.382401
0.448569
0.521882
0.602673
0.691286
0.78809
0.893465
1.00779
1.13146
1.26485
1.40835
1.56232
1.72716
1.90325
2.09099
2.29074
2.50289
2.72779
2.9659
3.21749
3.48304
3.76291
4.05752
4.36726
4.69258
5.03391
5.39169
5.7664
6.15848
6.56845
6.99684
7.44417
7.911
8.3979
8.90546
9.43432
9.98512
10.5585
11.1553
11.7761
12.4217
13.0929
13.7906
14.5156
15.2688
16.051
16.8632
17.7065
18.5817
19.4901
20.4327
21.4107
22.4252
23.4776
24.569
25.7005
26.8736
28.09
29.3507
30.6575
32.0116
33.4149
34.8686
36.3746
37.9344
39.5497
41.222
42.9538
44.746
46.6006
48.5191
50.5038
52.5557
54.677
56.8688
59.1333
61.4711
63.8846
66.3737
68.9413
71.5858
74.3109
77.1136
79.9981
82.9605
86.0048
89.1252
92.3263
95.6008
98.9526
102.376
105.871
109.43
113.055
116.737
120.474
124.263
128.095
131.971
135.878
139.817
143.775
147.738
151.713
155.674
159.625
163.537
167.43
171.267
175.07
178.807
182.489
186.1
189.63
193.086
196.437
199.707
202.856
205.917
208.839
211.672
214.356
216.955
219.414
221.774
223.957
226.055
227.986
229.784
231.461
233.041
234.502
235.872
237.067
238.226
239.29
240.184
241.048
241.729
242.47
243.118
243.437
243.75
243.968
244.06
243.892
244.394
244.415
244.33
244.02
244.029
243.741
243.393
242.736
242.356
241.413
240.983
240.462
239.728
239.064
237.852
236.481
234.801
232.941
230.741
228.478
225.73
223.47
220.95
221.336
222.003
238.925
2.01936
2.34593
2.68475
3.03065
3.39427
3.78381
4.20139
4.6478
5.12436
5.63227
6.17226
6.74481
7.35037
7.98934
8.66204
9.36869
10.1094
10.8844
11.6935
12.5368
13.4142
14.3257
15.2712
16.2506
17.2638
18.3107
19.3914
20.5058
21.654
22.836
24.0519
25.3019
26.5863
27.9053
29.2592
30.6483
32.073
33.5337
35.0309
36.5651
38.137
39.7469
41.3955
43.0835
44.8115
46.58
48.39
50.2418
52.1363
54.0743
56.0564
58.0835
60.1559
62.2746
64.44
66.6531
68.9144
71.2245
73.5839
75.9935
78.4536
80.9653
83.528
86.1428
88.8095
91.5294
94.3018
97.1277
100.006
102.939
105.924
108.962
112.053
115.196
118.391
121.638
124.936
128.283
131.679
135.122
138.613
142.148
145.727
149.347
153.008
156.706
160.44
164.207
168.004
171.83
175.679
179.552
183.441
187.347
191.261
195.185
199.108
203.033
206.951
210.859
214.75
218.62
222.465
226.275
230.063
233.796
237.516
241.158
244.771
248.293
251.742
255.104
258.355
261.537
264.596
267.595
270.466
273.263
275.933
278.498
280.946
283.261
285.469
287.519
289.47
291.252
292.935
294.433
295.851
297.073
298.238
299.209
300.086
300.729
301.332
301.717
302.029
302.222
302.384
302.378
302.327
301.947
302.029
301.676
301.186
300.777
300.333
299.91
299.259
297.756
297.229
296.161
295.199
293.845
293.341
291.619
290.572
289.849
288.753
287.401
285.932
284.259
282.559
280.613
278.763
276.878
274.786
272.567
269.884
266.961
263.688
260.205
256.373
252.441
247.993
243.913
239.396
237.713
235.441
254.122
27.3701
29.0544
30.7845
32.6073
34.5546
36.6194
38.7902
41.0634
43.437
45.906
48.4637
51.1029
53.8172
56.6005
59.4469
62.3508
65.3073
68.312
71.3608
74.45
77.5768
80.7383
83.9324
87.1569
90.4103
93.691
96.9981
100.33
103.687
107.067
110.471
113.897
117.346
120.817
124.309
127.823
131.357
134.913
138.489
142.085
145.701
149.337
152.992
156.666
160.358
164.068
167.796
171.54
175.301
179.077
182.869
186.675
190.495
194.327
198.172
202.028
205.894
209.77
213.654
217.545
221.444
225.348
229.256
233.167
237.08
240.994
244.908
248.821
252.732
256.639
260.541
264.437
268.325
272.204
276.072
279.928
283.771
287.599
291.411
295.204
298.978
302.73
306.459
310.162
313.839
317.486
321.103
324.686
328.233
331.742
335.21
338.636
342.015
345.346
348.624
351.849
355.013
358.118
361.154
364.126
367.02
369.841
372.579
375.225
377.824
380.294
382.755
385.034
387.26
389.306
391.271
393.024
394.68
396.176
397.518
398.777
399.921
400.96
401.887
402.65
403.338
403.85
404.296
404.552
404.751
404.755
404.7
404.442
404.173
403.688
403.285
402.675
402.006
400.976
400.314
399.063
397.954
396.572
395.643
394.377
393.005
391.465
389.991
388.297
386.833
385.197
383.372
382.229
380.573
378.485
376.422
374.409
372.316
370.088
368.097
365.951
363.862
361.836
359.623
357.192
354.55
351.716
348.715
345.463
342.132
338.763
335.173
331.406
327.155
322.566
317.515
312.189
306.445
300.535
294.051
287.785
280.917
276.529
270.393
291.107
454.346
466.767
478.984
491.184
503.314
515.168
526.586
537.507
547.919
557.816
567.197
576.073
584.458
592.371
599.835
606.87
613.503
619.755
625.653
631.219
636.479
641.455
646.169
650.642
654.896
658.95
662.822
666.529
670.088
673.515
676.822
680.024
683.133
686.161
689.118
692.012
694.855
697.652
700.412
703.141
705.844
708.528
711.197
713.854
716.505
719.151
721.795
724.441
727.089
729.743
732.403
735.069
737.743
740.426
743.116
745.815
748.521
751.235
753.956
756.684
759.419
762.158
764.9
767.645
770.392
773.138
775.882
778.621
781.354
784.077
786.79
789.488
792.168
794.83
797.472
800.088
802.676
805.231
807.75
810.228
812.663
815.049
817.383
819.657
821.869
824.011
826.08
828.068
829.971
831.781
833.494
835.103
836.598
837.98
839.229
840.353
841.326
842.172
842.851
843.382
843.729
843.923
843.908
843.704
843.702
842.842
842.818
841.305
840.537
838.947
836.987
835.126
832.565
830.629
827.93
825.553
822.97
820.247
817.194
814.028
810.647
807.145
803.469
799.648
795.733
791.659
787.541
783.267
779.028
774.629
770.323
765.902
761.569
757.047
752.743
748.172
743.803
739.421
735.317
731.04
727.025
722.723
719.02
714.809
711.247
707.384
703.951
700.418
697.25
693.091
689.503
685.491
682.127
678.046
674.729
670.534
666.901
662.6
658.636
653.62
648.816
642.975
637.217
630.406
623.587
615.892
608.014
599.193
589.858
579.552
568.649
556.994
544.552
531.563
517.537
503.544
488.293
475.524
462.023
482.898
0
0
0
0
0
0
0
0
0
0
0
0
0
0
0
0
0
0
0
0
0
0
0
0
0
0
0
0
0
0
0
0
0
0
0
0
0
0
0
0
0
0
0
0
0
0
0
0
0
0
0
0
0
0
0
0
0
0
0
0
0
0
0
0
0
0
0
0
0
0
0
0
0
0
0
0
0
0
0
0
0
0
0
0
0
0
0
0
0
0
0
0
0
0
0
0
0
0
0
0
0
0
0
0
0
0
0
0
0
0
0
0
0
0
0
0
0
0
0
0
0
0
0
0
0
0
0
0
0
0
0
0
0
0
0
0
0
0
0
0
0
0
0
0
0
0
0
0
0
0
0
0
0
0
0
0
0
0
0
0
0
0
0
0
0
0
0
0
0
0
0
0
0
0
0
0
0
0
0
0
62.2204
78.0036
94.5405
110.658
127.938
146.828
167.068
188.531
211.54
235.79
261.464
288.59
317.107
347.189
379.105
413.051
449.741
489.41
533.6
579.722
637.277
691.672
779.799
833.219
1007.74
81.3602
82.7064
80.2301
82.1777
84.817
86.739
88.4456
89.9708
91.0806
91.843
92.1695
92.1653
91.9606
91.6809
91.4253
91.3482
91.7793
92.5518
93.7572
95.7637
98.6503
103.352
107.162
116.645
116.488
96.2189
98.2454
96.5828
98.5125
100.064
100.281
100.189
99.7873
98.8063
97.1499
94.8342
91.9512
88.6399
85.0227
81.1986
77.3197
73.6179
70.157
66.9237
64.1204
61.8015
60.9032
58.1993
61.2032
46.5872
114.478
118.173
117.676
119.769
120.852
120.311
119.222
117.713
115.435
112.344
108.485
103.975
98.9738
93.6189
88.0234
82.3691
76.8794
71.7092
66.7836
62.4828
58.2729
56.0822
50.8479
55.349
36.3085
131.117
135.755
136.252
138.525
139.46
138.623
137.086
134.908
131.817
127.786
122.889
117.263
111.089
104.527
97.7102
90.8542
84.1702
77.8935
71.912
66.7433
61.4728
58.9213
52.0948
58.1223
35.616
146.346
151.158
152.035
154.246
154.979
154.011
152.177
149.52
145.822
141.091
135.42
128.962
121.91
114.447
106.726
98.992
91.45
84.3845
77.6606
71.9369
65.9571
63.2769
55.2997
62.3397
36.9753
160.147
164.763
165.654
167.571
168.05
166.905
164.805
161.769
157.594
152.318
146.046
138.935
131.2
123.038
114.623
106.218
98.0297
90.3741
83.0979
76.9759
70.4911
67.7343
58.9387
66.4665
38.8649
172.548
176.807
177.462
178.96
179.136
177.799
175.458
172.087
167.509
161.783
155.026
147.397
139.12
130.408
121.448
112.521
103.836
95.7287
88.0289
81.6065
74.7402
71.9148
62.4667
70.1647
40.8757
183.742
187.534
187.825
188.841
188.66
187.092
184.5
180.828
175.918
169.826
162.669
154.61
145.89
136.731
127.341
118.003
108.929
100.473
92.4427
85.7881
78.6202
75.7226
65.7505
73.3839
42.895
193.983
197.21
197.081
197.569
197.001
195.167
192.313
188.354
183.142
176.731
169.228
160.814
151.733
142.213
132.468
122.797
113.411
104.675
96.3827
89.5444
82.1282
79.1539
68.7414
76.1616
44.9002
203.484
206.086
205.504
205.451
204.473
202.339
199.203
194.955
189.457
182.754
174.949
166.224
156.831
147.005
136.964
127.021
117.382
108.422
99.9118
92.9201
85.2895
82.2313
71.4445
78.5641
46.8907
212.422
214.352
213.307
212.715
211.311
208.847
205.406
200.858
195.074
188.089
180.002
170.993
161.325
151.235
140.943
130.77
120.917
111.769
103.074
95.9528
88.1341
84.9847
73.8755
80.6524
48.8655
220.942
222.167
220.663
219.536
217.691
214.865
211.087
206.218
200.132
192.865
184.504
175.23
165.311
154.986
144.475
134.102
124.066
114.757
105.903
98.6666
90.6766
87.432
76.0486
82.4736
50.8152
229.035
229.514
227.557
225.911
223.627
220.433
216.31
211.113
204.723
197.16
188.522
178.988
168.837
158.302
147.598
137.051
126.853
117.404
108.41
101.07
92.9227
89.5817
77.9653
84.055
52.7209
236.698
236.439
234.071
231.944
229.215
225.618
221.108
215.547
208.82
200.966
192.067
182.296
171.926
161.193
150.315
139.617
129.28
119.709
110.589
103.155
94.865
91.4291
79.6203
85.4038
54.554
243.828
242.795
240.036
237.449
234.293
230.305
225.408
219.488
212.44
204.273
195.092
185.083
174.526
163.636
152.619
141.787
131.327
121.649
112.42
104.902
96.4836
92.9582
80.9976
86.5123
56.2784
250.183
248.408
245.329
242.338
238.767
234.384
229.092
222.81
215.434
206.984
197.553
187.337
176.61
165.571
154.431
143.507
132.96
123.198
113.873
106.281
97.7501
94.1448
82.0745
87.3603
57.8511
255.569
253.058
249.704
246.349
242.397
237.637
231.969
225.353
217.685
208.969
199.32
188.93
178.083
166.95
155.736
144.736
134.117
124.288
114.895
107.248
98.6274
94.9562
82.8196
87.9192
59.2264
259.619
256.41
252.843
249.182
244.901
239.812
233.805
226.912
218.999
210.066
200.258
189.755
178.845
167.666
156.424
145.403
134.757
124.891
115.445
107.756
99.0687
95.3499
83.1968
88.1494
60.3547
261.952
258.122
254.397
250.486
245.961
240.615
234.327
227.252
219.166
210.085
200.206
189.674
178.784
167.629
156.427
145.432
134.8
124.928
115.464
107.759
99.0367
95.2908
83.171
88.0132
61.1887
262.181
257.803
253.995
249.899
245.232
239.721
233.251
226.119
217.961
208.826
198.995
188.547
177.779
166.732
155.651
144.747
134.184
124.344
114.897
107.201
98.4784
94.7309
82.7023
87.4677
61.6814
259.908
255.083
251.268
247.074
242.337
236.804
230.318
223.237
215.136
206.107
196.448
186.237
175.712
164.873
154.011
143.269
132.839
123.074
113.686
106.033
97.3511
93.6306
81.7533
86.4712
61.7881
254.772
249.615
245.819
241.465
236.924
231.534
225.03
218.272
210.409
201.588
192.464
182.635
172.468
161.955
151.425
140.92
130.699
121.057
111.779
104.205
95.6114
91.9496
80.2893
84.9876
61.4678
246.398
240.844
237.288
233.167
228.618
223.633
217.606
211.029
203.597
195.467
186.664
177.488
167.978
157.896
147.816
137.626
127.7
118.232
109.127
101.674
93.2208
89.6543
78.2763
82.9897
60.677
234.232
228.831
225.275
221.566
217.391
212.924
207.385
201.383
194.612
187.289
179.428
170.971
161.938
152.569
143.122
133.332
123.785
114.55
105.689
98.4016
90.1475
86.72
75.6894
80.4571
59.384
218.644
213.463
209.917
206.701
203.073
199.192
194.379
189.194
183.331
177.11
170.186
162.665
154.585
145.801
137.133
127.893
118.874
109.952
101.427
94.3623
86.384
83.1197
72.5519
77.3298
57.6906
198.984
194.247
190.945
188.254
185.29
182.53
178.607
174.418
169.608
164.252
158.423
151.982
144.889
137.158
129.339
120.77
112.473
104.051
96.0119
89.282
81.7403
78.6142
68.812
73.3649
55.8529
174.425
170.512
167.858
165.902
163.896
161.288
158.497
155.56
151.99
148.554
143.942
138.62
132.433
125.653
118.781
111.009
103.452
95.6152
88.2777
81.9846
75.0766
72.1567
63.591
67.6256
52.8044
143.059
140.341
138.561
137.637
136.933
136.019
134.667
133.106
131.016
128.653
125.511
121.717
117.006
111.34
105.592
98.6698
91.921
84.7615
78.1423
72.445
66.4122
63.9157
56.7697
60.5008
48.1278
109.595
108.186
107.487
107.422
107.791
108.116
108.151
107.973
107.373
106.527
104.931
102.598
99.3641
95.0503
90.4557
84.8031
78.8929
72.72
66.905
62.0269
56.9494
55.0857
49.2829
53.1877
42.8856
76.4211
76.2382
76.5708
77.3396
78.5282
79.9039
81.1947
82.3103
83.0798
83.5389
83.3519
82.4517
80.6884
77.826
74.3221
69.9107
65.1817
60.1236
55.2468
51.2654
47.0811
45.9765
41.5234
45.7281
37.4038
47.0938
47.8532
48.9538
50.3522
52.0496
54.007
56.0713
58.0836
59.8496
61.3011
62.2062
62.4453
61.891
60.3297
58.0111
54.8403
51.1147
47.1823
43.3493
40.3981
37.2963
36.9309
33.7765
38.2939
31.8914
24.5376
25.7063
27.1119
28.7337
30.5647
32.6198
34.8562
37.155
39.3359
41.2768
42.7898
43.738
43.9948
43.4073
42.0647
39.985
37.3701
34.563
31.8037
29.8114
27.8291
28.2438
26.3803
31.158
26.5493
10.2365
11.203
12.3828
13.7389
15.2697
16.9849
18.8754
20.8759
22.8618
24.7159
26.2836
27.4376
28.0575
28.0399
27.3983
26.1843
24.5401
22.7726
21.0808
20.081
19.1809
20.3477
19.6611
24.6636
21.6073
3.26265
3.71237
4.35144
5.13342
6.06106
7.14277
8.36866
9.69835
11.0616
12.3789
13.5437
14.4611
15.0397
15.2118
14.9695
14.3622
13.5019
12.6253
11.8947
11.7853
11.8763
13.7034
14.0352
19.1415
17.3337
0.842715
0.883854
1.0436
1.29207
1.62613
2.05789
2.58201
3.17297
3.79761
4.41641
4.97625
5.42676
5.72103
5.82581
5.73947
5.50393
5.20973
5.02136
5.06399
5.66705
6.54526
8.84323
9.93184
14.9865
13.9955
0.509685
0.362582
0.271506
0.232504
0.22255
0.243492
0.298554
0.378506
0.471305
0.565251
0.645905
0.700693
0.720602
0.703624
0.66374
0.640148
0.703894
0.961322
1.50875
2.54558
3.89293
6.35995
7.82315
12.6056
11.8653
1.17128
0.986613
0.835449
0.761262
0.713685
0.670028
0.642165
0.633527
0.636859
0.647787
0.663073
0.680042
0.699387
0.730541
0.790903
0.91319
1.15123
1.57097
2.26496
3.33075
4.68952
6.88983
8.20441
12.4052
11.2092
2.95358
2.85994
2.80407
2.92929
3.14435
3.39692
3.71843
4.11947
4.59236
5.10702
5.64423
6.16912
6.65336
7.07652
7.41902
7.67739
7.89922
8.12282
8.48362
9.0049
9.74193
11.0795
11.5685
14.7747
12.2759
7.03967
7.16783
7.36264
7.90485
8.64453
9.4879
10.5243
11.8088
13.3187
14.9529
16.6569
18.3167
19.8283
21.0783
21.9309
22.3035
22.2759
21.8452
21.2541
20.466
19.7635
19.4852
18.3302
20.0355
15.2843
15.9874
16.2967
16.7448
17.7861
19.1209
20.5895
22.4367
24.7644
27.5934
30.7018
34.0331
37.3628
40.4292
42.9509
44.5787
45.0807
44.6322
43.0934
40.9094
37.9765
34.972
32.2886
28.6436
28.3499
20.3678
33.2123
33.331
33.6562
34.8594
36.4025
38.0326
40.2806
43.2927
47.1327
51.423
56.262
61.267
65.9699
69.9398
72.4958
73.3091
72.5228
69.7497
65.7221
60.1805
54.3827
48.8217
41.9897
39.5416
27.4453
59.6053
58.5832
58.1062
58.865
59.9558
61.2558
63.1607
65.9288
69.6791
73.9691
79.1272
84.9184
90.4408
95.3661
98.5433
99.6368
99.0851
95.676
90.434
82.7651
74.6388
66.5501
56.5896
52.353
35.7568
91.159
87.885
85.7434
85.5715
85.8084
86.1236
87.3278
88.9697
91.4482
94.6578
98.6344
103.365
108.424
113.322
116.757
118.48
118.157
114.937
109.652
101.182
92.0818
82.6001
70.5103
65.2886
44.6257
123.383
117.018
112.904
111.742
110.751
110.031
109.843
109.98
110.486
111.557
113.355
116.045
119.399
123.265
126.261
128.234
128.404
126.061
121.752
113.812
105.195
95.7032
82.7386
77.4678
54.0299
152.942
142.863
136.749
134.526
132.193
130.022
128.189
126.397
124.756
123.572
123.026
123.494
124.872
127.316
129.534
131.592
132.131
130.832
127.946
121.411
114.465
105.985
93.268
89.1846
64.278
178.166
164.124
156.237
152.964
149.183
145.273
141.591
137.872
134.27
131.082
128.59
127.151
126.842
127.931
129.349
131.407
132.325
132.094
130.737
126.078
121.257
114.575
103.063
101.028
76.0654
198.543
180.436
170.807
166.543
160.789
155.131
149.678
144.317
139.18
134.67
130.767
128.199
126.765
127.055
128.034
130.191
131.454
132.452
132.668
129.894
127.53
123.357
113.87
114.385
90.6469
214.313
192.005
180.834
174.851
167.23
159.911
153.044
146.531
140.488
135.338
130.961
127.897
126.215
126.25
127.31
129.947
132.075
134.257
136.167
135.717
136.006
134.492
127.645
131.176
110.245
226.43
199.661
186.263
178.635
169.085
160.577
152.842
145.953
139.808
134.847
130.782
128.103
126.781
127.342
129.074
132.49
135.84
139.643
143.576
145.605
148.807
150.941
147.472
154.919
138.485
236.564
204.79
188.316
178.629
167.735
158.752
151.018
144.698
139.329
135.367
132.42
130.644
130.515
132.194
135.124
140.056
145.2
151.215
157.754
163.006
169.953
176.714
177.666
190.935
181.306
246.677
208.222
188.316
176.683
165.358
157.034
150.383
145.634
141.957
139.674
138.343
138.521
140.113
143.526
148.554
155.805
163.557
172.777
182.967
192.703
204.8
217.947
225.517
247.544
248.715
259.298
211.967
188.34
175.758
165.61
159.448
155.151
153.006
151.579
151.859
153.249
155.75
160.11
166.424
174.473
185.465
196.975
211.253
226.704
243.412
263.037
286.226
303.888
339.885
358.658
279.243
219.163
192.71
181.924
175.573
173.416
172.565
174.242
176.675
180.433
185.37
191.777
200.165
211.165
223.8
241.005
258.29
281.11
304.614
333.076
364.448
404.161
438.564
496.462
546.048
318.167
240.426
215.009
212.004
213.044
217.663
222.937
230.515
238.481
247.594
258.842
271.705
286.812
306.048
326.721
355.157
382.937
421.135
459.252
508.721
561.279
629.949
694.868
788.281
895.651
481.827
379.753
370.84
391.054
413.795
436.539
458.878
483.304
508.714
537.034
566.983
601.593
639.848
686.426
737.932
803.768
873.679
965.122
1063.32
1188.37
1328.79
1500.28
1696.89
1933.99
2276.96
0
0
0
0
0
0
0
0
0
0
0
0
0
0
0
0
0
0
0
0
0
0
0
0
0
)
;


// ************************************************************************* //
